N 100
R 100
O 150

RS 25

Racks
  0 72  2 39  3 17  4  2  1 13  4 69  3 11  3  1  1 14  4 15  3  9  2 52  1 16  3 96  4 71  4 98  4 19  3  6  2 24  3 22  2 12  3 93  3 75  2 85  2 57  4
  1 85  1 59  2 17  3 92  2 68  1 39  2 75  4 23  2 84  4  7  2 71  3 98  3 76  2 96  2 93  2 41  2 33  2 25  1 20  4 89  4 31  1 34  3 12  3 56  3 72  3
  2  3  2  5  4 91  4 95  2 52  3 60  2 93  2 69  4 33  4  0  2 37  3 62  3 17  1 64  4 40  4 32  1 30  2 84  1 35  3 13  4 41  3 51  3 82  3 72  3 81  4
  3 91  3 25  3 74  2 58  4 54  2 68  1 57  3 90  3 48  1  9  4 23  3 30  1 96  1 88  3 38  3 11  2 31  1 84  4 20  3 45  1 76  1 21  3 80  2  0  1 33  1
  4 81  4 11  4  6  3 86  4 43  3 69  1 24  2 29  3 97  3 66  4 14  2 91  2 48  4 90  1 30  4 99  3 32  4 38  2 39  1 71  2 70  1 28  1 36  2 62  3 27  4
  5 16  1 18  2 67  2  5  4 15  3 81  1 83  2  2  4 52  3  1  2 63  4  0  1 95  1 14  2 24  3 49  1 36  4 90  1 77  3 17  1 60  4 72  3 32  1  7  4 27  3
  6 74  2 10  4  7  4 75  4 70  4 57  3 13  4 60  1 37  2 22  2 49  4 98  2 41  2 29  4 84  3 45  1 24  1 42  4 21  3 76  2 53  4 39  1 52  3 28  3 40  1
  7 11  2 50  1 60  2 83  1 29  1 51  4 78  1 77  2 94  4  4  2 34  4 25  3 10  2 44  3 56  4 84  2 15  1 41  4 62  2 68  1 97  2 55  4 79  4 12  3 14  1
  8 35  2 52  3 78  2  5  2 17  2 36  2 12  3 60  1 33  4 18  1 14  1 50  1 63  1  3  1 25  2 47  3 11  1 88  3 26  1 65  2 22  1 83  2 99  4  4  4 28  1
  9  5  2 38  4 66  1 62  2 41  2 52  4 59  2 72  4 24  2 55  2 46  4  8  3 80  2 86  3 20  4 89  2 37  3 57  3 95  2  6  1  2  4 77  4 64  4 33  4  1  3
 10 12  2 52  4 31  4 88  1 73  4 55  4 41  4 28  3 74  3 62  3 66  2 85  4 76  4 40  4 46  2 87  4 44  1 99  3 30  4  7  3 94  1 45  4 93  2 37  4 32  3
 11 42  4 56  4 11  1 72  2 88  2 90  2  7  3 97  3 71  4 10  3  3  3 78  3 38  3  9  3 36  3 29  3 35  3 51  1 91  2 58  2 79  3 69  4 96  3 68  2 31  2
 12 79  2 88  1  0  3 25  3 17  3 19  3 27  1 74  2 51  4 49  4 99  2 20  1 42  4 10  3 29  2 65  1 90  2 28  2 34  4  1  1 61  1 16  1 95  3 41  3 54  1
 13 75  4 49  2 91  2 47  3 37  1 86  3  5  3 78  1 94  4  3  4  1  4 36  1 57  2 54  2 64  1 70  4 56  2 31  3 14  2  2  1  4  3 53  2  6  4 98  3  8  1
 14 83  4 14  3 41  4 58  3 42  2 21  2 84  3 18  4 49  3 20  3 38  1 45  4 75  2 23  1  4  1 48  1  6  2 86  4 97  3  2  3 26  3 77  4 22  3 12  1 60  1
 15 20  2 76  1 50  4 75  4 29  1 99  2 49  2 11  4 64  3 28  2 32  1 10  3 47  4 31  4 40  1  9  3  6  2 44  2 62  4 38  3 52  3 95  1 54  2 56  1 85  2
 16 40  4 14  1  4  3 33  2 71  3 11  4 68  3 50  1 53  3 63  4 19  4 83  3  9  3 23  4 65  3  2  4 70  1 55  4 38  1 46  3 37  3 29  2 58  2 41  1 52  4
 17 73  3 39  3 84  4 64  4 11  4  8  4  2  1 98  1  0  2 41  2 19  1 74  3 43  4 13  1 49  4  1  2 85  4 87  1 34  2 94  4 36  2  6  3 86  3 65  1 67  4
 18 12  2 17  2 60  2 98  3 53  4 94  4 71  4  3  4  7  1 24  3 35  1 96  3 10  1 64  1 41  2  4  3 83  3 70  4 40  1  6  4 86  4 52  3 66  3 85  3 22  2
 19 76  1 75  4 23  1  0  3 73  4 15  2  8  2 77  2 65  2 28  1 38  2 91  4  7  3 44  2 36  2 58  3 24  2 33  2 53  2 84  1 51  1 96  2 48  2 64  2 70  3
 20 19  1 38  3 96  3 54  1 82  4 70  4 86  3 33  1 41  4 45  4 69  2 61  1 68  3 48  1 28  2 39  1 99  4 73  2 37  3 72  3 21  2 85  4 66  3 15  3 12  4
 21 64  2 44  1 41  4 15  3 22  2 97  4 17  3 14  2 32  3 24  2 96  3 88  4 48  2 38  3 94  3 69  1  5  3 30  3 11  2 79  1 10  3 92  2 78  1 42  1 62  3
 22 59  3 26  3 96  2 37  1  5  1 45  4 49  2  0  1 65  3 41  3 80  3 90  1 93  4 42  2 50  2 70  3 78  2 79  2 20  4 66  1 22  1 11  4 87  1 31  2 51  4
 23 17  4 98  2 67  3 84  3 15  3 60  2 33  2 72  4  2  3 95  1 19  3 91  2 62  4 64  2 83  1 35  4 88  2 80  2 50  2 61  1 46  2 76  1 70  1 54  4 94  2
 24 45  3 10  4 87  1 59  1 61  3 63  4  9  1 54  3 39  2  8  4 95  2  5  3 88  1 75  3 17  2  7  2 12  4 82  4 79  3 71  2 65  3 76  1 33  4 47  3 96  1
 25 15  1 71  4 72  4 93  1 44  3 47  3  4  2  8  2 52  2 76  2 42  2 19  4 40  4 43  2 10  1  3  2 14  1 65  4 86  4 54  3 73  3 20  2 18  4 98  3 99  4
 26 69  2 57  1 36  1 64  2 98  3 81  3 20  4 84  1 44  2 25  3 34  1 54  3 70  3 42  3 33  4 62  4 51  2 21  4 14  4 94  3 49  2 26  3 72  2 76  4 87  2
 27 38  1 63  1 94  4 98  2 65  2 31  2 14  3 24  2 81  2 48  2 62  3 23  4 21  1 40  3 55  4 27  1 17  1 36  4 64  3 49  2 70  2 57  4 92  2 43  1 96  4
 28 42  3 41  3  0  3 40  4 55  2 96  3 85  3 53  2  5  2 26  4 93  4 89  3 14  1 35  2 73  2 22  4 25  2 57  3 62  2 64  2 43  1 49  3 11  2 88  2 97  1
 29 56  4 39  4 95  3 84  4  7  1 28  2 89  3  6  2 43  3 93  1 50  2 62  2 94  1 55  4  5  1 30  1 71  3 37  3 77  2  4  1 96  4 97  2 34  3 91  1 19  4
 30 39  2  0  4 65  3 97  1  8  1  9  3 22  2 76  2 89  4  7  3 32  2 57  2 52  3 30  3 74  3 93  3 10  4 86  3  6  1 16  3 42  2 41  3 19  1 75  1 34  4
 31 25  1  1  4 79  2 98  3 14  2 93  1 46  3 33  1 27  1 48  3 89  1 21  4 35  3 67  3 53  4 26  2 95  2 61  3 30  4 47  3 31  3  6  1 34  3 29  4 75  4
 32 72  2 41  4 10  2 75  2 71  4 73  2 40  4 43  2 45  2 66  4 44  2 81  1  3  1 12  1 68  3 35  3 20  3 34  3 95  2 31  3 27  2 77  4 22  4  0  4 50  2
 33 12  4  7  3 64  2 93  3 87  4 73  3 24  2 44  3 76  3 14  4 45  4 41  3 16  2 66  1 55  2 67  3 63  3 78  1 62  1 31  3 22  4 71  1 70  1 35  2 13  4
 34 37  2 40  2 96  2 75  1 78  3 11  1 24  3 64  2 68  4 79  3  0  1 97  2 57  4 87  2 12  2 15  4 45  1 98  2 31  1 93  1 43  4 61  1 10  3 34  4 26  2
 35 65  3 92  1 64  1 66  1 89  1 30  3 23  1 38  4 78  2 19  1 50  3 74  4 59  1  9  4 75  4 61  1  8  2  0  1 43  1  7  4 52  2 41  2 32  3 27  1  2  3
 36  1  2 87  1 82  4 39  3 53  1  9  1  3  4 47  1 69  4  4  1 50  1 35  3 83  2 48  1 86  1 18  3 40  2 43  2 81  4 14  4 74  2 26  3 84  2 64  1  0  3
 37 48  2 39  2 84  1 19  3 17  4 70  3  4  4 10  4 42  2 25  1 95  4 41  3 65  3 46  3 96  4 38  2 62  1 78  3 49  3 69  2 21  3 43  2 68  1  5  1 74  4
 38  1  4 95  4 45  3 35  3 28  4 47  1 49  4 54  2 30  4 67  3 55  2 78  3 84  1 13  1 48  2 15  3 94  2 72  2 83  4 34  4  4  1 56  4 99  4 16  1 76  2
 39 55  1 68  1 14  3 46  2 62  1 67  3 51  1 71  3 30  2 27  2 64  3 39  1 94  3  0  3  5  3 96  2 40  3 22  4 80  2 19  4 28  3 66  4 12  4 78  3 43  1
 40 54  1 52  4 31  3 91  2 90  1 57  1  9  2 76  3  4  1  3  2 83  1 96  2 13  4 27  3 42  2 40  2 51  2 80  2 36  3 64  4 39  1 81  4 30  3  8  1 45  1
 41 89  2 59  1 55  3 77  3 85  1 95  2 45  1 70  3 75  1 64  4 40  4 36  1 93  2 69  2  3  1 11  3 66  1 94  3 74  4 24  3 15  4 56  1 51  3 17  1 67  2
 42 93  2 70  3 29  4 52  3 67  1 37  3 84  2 13  1 96  4 43  4 39  4 24  1 92  1 75  1 34  4 45  4 55  2 31  4 25  4 17  4 97  3 35  4 27  3 12  2 64  4
 43 76  1 22  2 13  3 54  3 46  1 28  4 68  3 44  3  6  4 29  4 88  4 75  1 71  4 66  3 74  2 96  4 67  1 90  1 59  1 94  1 50  1 97  2  7  1 42  1 18  4
 44  9  2 26  3 11  1 35  3 58  2 99  4 98  1 32  1 96  3 29  2 50  4 47  3 51  4 79  1 55  4 36  4 74  3 23  1 53  2 90  1 10  3 52  1 39  3 54  2 42  3
 45 74  2 30  2  6  1 56  2 63  2 91  3 83  3 87  4 40  4 50  4 65  2 47  2 70  1 66  4 29  2 82  3 72  3  2  2 45  2  5  1 79  3  0  3 34  3 81  3 32  4
 46  2  1 64  1 68  4 29  2 19  3 91  1 22  2 67  2 38  3 39  4 50  2 56  4 93  3  9  2  1  1  3  4 10  2 51  4 28  2 83  2 31  1 81  1 43  3 23  4  6  3
 47 20  1 26  1 32  2  3  3  9  2 43  1 60  2 44  2 12  2  0  1 87  2 81  1 82  4 49  4 41  3 99  2 23  1 80  2 59  4 65  2 46  3 39  4 78  1 75  2 73  3
 48 82  1 83  2 32  4 79  3 64  2 20  2 65  2 91  1 57  3 21  1 54  2 17  1 34  2 36  2 19  4 25  2 84  3 27  1 71  1 29  3 92  1 61  2 39  4  4  1 85  2
 49 28  3 51  1 96  3 57  3 44  3 80  4 84  1 21  1 41  4 99  2 18  4  3  3 45  4 64  2 17  3 87  3 98  2 73  4 48  3 13  2  2  3 14  3  8  2 22  3 74  4
 50 45  1 11  1 29  3 14  3 56  4 68  1 99  4 88  2 90  4 38  3 36  1 12  2 89  3  3  2 84  2 91  2 27  2 72  4 26  1 35  2 94  3 65  3 76  2 96  4 83  4
 51  8  4 72  2 11  4 50  1 47  3 20  4  1  2 43  1 35  3 71  4 10  2 15  3 36  2 42  3 92  1 76  3 96  3 68  2 40  3 99  3 65  2 90  3 73  2 70  1 78  1
 52 87  1 81  3 76  3 65  2 46  4 38  3 28  1 64  2 75  4 12  1 32  4 68  2 74  4 90  4 54  1 67  1 79  4 24  3 51  3 82  2  6  2 55  4 42  2 93  1 96  3
 53 46  1 23  4 55  3  4  4 89  1 77  3 61  4 56  3 78  3 90  4 35  1 31  1 38  1 96  1 45  2 98  1  2  3 59  4 48  2 33  4 17  1 34  2 24  4 15  4 51  3
 54 45  4 30  3 53  4 92  4  3  3 25  1 43  3 35  3 95  1 84  3 73  1 82  1 67  2 32  3 33  1 79  1 19  3 74  1 31  3 89  1 29  4 99  1 59  4 75  3 61  3
 55 68  1 85  1 65  4 42  1 57  4 96  4 61  1 29  1 55  3 74  2 81  4 13  3 67  4 18  3  6  2 40  4 83  3 47  3 35  4 25  1 10  4  1  4 15  1 28  3  3  1
 56 89  1 29  4 53  1 30  3 71  2 14  4 61  4 62  2 91  2 34  4 76  2 59  3  3  4 74  4 47  4  4  2 99  1 52  4 65  1 86  1 95  4  1  1 17  4 25  2  8  2
 57  1  4 27  1 54  3 43  2 14  1 29  1 70  1 13  4  7  2 74  4 28  2 32  2 64  4 62  1 67  4 99  3 94  1 38  3 77  1 73  4 50  2 25  1 80  1 59  4 91  4
 58 35  2 76  1 59  4 80  2  7  2 18  1 36  4 64  1 53  4 86  2 40  4  9  4 57  4 55  2 15  3 52  1 11  3  6  2 98  3 21  4 48  4 25  4 24  3 33  1 44  1
 59 50  4 23  3 56  4 69  1 88  4 39  4 36  1 77  1 28  3 52  2 25  3  4  3 41  2 14  2  7  2 67  1 17  3 21  3 95  1 42  3 43  1 60  3 13  3 22  4 49  1
 60 96  4 80  3 93  2  6  4 13  3 18  3 75  3  3  3 40  1 10  2 22  4  7  3 74  4 73  1 51  4 83  3 33  4 62  4 98  4 72  1  0  3 53  1 19  3 94  1 68  3
 61 57  1 58  1 55  4 36  1 38  3 96  4 50  2 40  2  5  3 63  2 52  1 74  1 69  3  9  2 41  3 15  2 66  2 88  1 18  1 72  1 99  4 81  1 70  4  7  4 24  4
 62 30  3 69  3 31  2 63  2 49  4 39  2 10  4 25  3 87  1  8  3 41  3 83  2 65  1 67  2 56  3 17  1 35  4 77  3  4  4 32  3 51  1 42  4 97  4 24  4 96  2
 63 93  2 29  2 66  2 48  3  6  1 61  3 58  1 68  1 52  3 88  1 13  1 34  1 12  3 23  3  1  2  9  1 63  1 98  2 81  4 14  1 78  4 87  4 31  1 91  3 46  3
 64 55  3 38  3 81  3 46  4 70  4 57  1 24  2 26  3  3  4 19  1 48  1 32  3 42  4 98  4 33  3 25  4 20  3 30  3 27  4 52  1 15  1 16  4 29  2 37  1 41  1
 65 22  4 75  1 93  3 28  2 83  4 88  2 19  3 96  2 52  3 35  1 60  2 79  1 76  1 53  4  8  3 68  2 27  3 48  4 17  2 26  1 51  1 41  1 72  2 67  4 70  3
 66 82  1 32  1 64  2 56  3 34  2  4  3 17  2 61  3 30  4 26  4 73  3  9  3  0  3 63  3 31  2 38  4 35  3 21  2 15  1 89  1 86  2 92  2 65  2 81  3 10  4
 67 26  1 47  3 89  4 56  3 42  2 17  3 35  2 44  2 38  2 34  4 75  3 57  1 24  4  5  2 76  3 63  2 87  2 71  3  1  2 61  2 16  3  4  4 74  3 14  3 51  2
 68 78  1 90  3 83  2 16  3 99  1  0  4 69  2  7  4 97  1 30  4 48  3 64  4 71  2 66  2 60  2 13  4 24  2 11  4 57  3 15  3 47  3 37  4 45  3 10  1 68  1
 69 15  1  2  2  7  2 26  1 53  4 45  2 31  3 38  1 16  2 88  4 92  1  6  1 86  1 21  4 73  4 36  3 33  4 54  2 18  3 79  1 19  3 64  2 30  2 71  3 99  1
 70 30  1 96  3 90  3  3  1 80  3 56  2 92  1 26  3 31  2 43  1 47  3 19  2 53  1 73  3 45  4 54  2 58  3 15  1 52  4 89  4 48  4 29  3 39  2 72  2 40  2
 71 62  1 14  3 95  2 93  3 55  3 99  3 68  3 79  1 47  4 43  2 77  3 64  2 78  2 23  4 29  3 63  1  8  4 33  3  3  1 27  4 41  1  4  3 80  1 36  4 18  2
 72 78  2  6  1 77  2 99  2  1  1 37  4  3  1 12  3 61  4 13  2 29  4 56  1 86  4 98  2 67  4 55  1 39  4 41  1 80  2 34  3 94  1  9  2 96  2 27  3 15  3
 73 83  2  0  1  5  3 78  2 77  2 23  1  2  1 68  2 45  2 16  3 24  1 85  3 38  3 61  2 76  2 15  2  7  1 21  3 42  2 72  4 26  4 94  1 62  3 17  1  9  2
 74 82  3 59  2  8  2 48  3 62  1 87  4 75  1 45  2 16  1 20  3 27  2 13  4 57  2 90  1 89  4  3  2 22  4  1  4 67  2 54  2 53  1 97  1 84  3 98  3 96  4
 75 73  1 60  2 18  4  0  1  3  4 89  2 66  4 24  4 90  2 57  3 43  3 62  2 20  3 55  1  6  2 36  4 19  2 82  4  4  1 98  4 12  1 38  1 59  2 84  4 14  4
 76 85  3 15  1 82  4 24  2 44  1 79  3 83  2 94  4 25  1 78  1 57  1 69  1 39  1 89  3 53  3 20  2  1  4 34  4 70  2 13  3 28  3 26  4 18  4 67  4 76  2
 77 72  1  6  2 41  2 26  1 97  4 77  3  9  2 68  2  1  4 90  3 71  1 58  1 88  4 56  4 28  3 16  2 78  1 94  3 60  2 36  3 32  2 33  1 79  1 89  2 86  4
 78 79  1  9  4 29  1 45  1 71  3 19  1 86  2 60  3 61  4 75  3 89  2 15  2 42  4 14  4 49  2  0  1 37  4 35  3 41  1 46  1 92  1 97  4 88  1 78  2 69  1
 79 15  1 67  2 30  4 73  4 83  3 72  1 29  1 39  4 58  1 18  2 43  4 35  3 85  1 36  3 46  4 61  4 55  4 17  3 78  4 20  1 19  4 95  2 22  4 76  3 93  3
 80 79  2 90  4 92  4 51  1 85  1 10  3 75  2  0  4 55  1  9  4 49  4 14  3 35  3 28  3 39  4 40  4 99  1 46  2 87  1 47  1 73  4 42  4 71  4  6  2  8  3
 81 30  2 42  4  7  1  4  3 39  3 23  4 10  4 84  4 58  2  9  3 32  2 45  2 44  4 95  3  0  3 74  3  6  1 15  1 81  1 91  3 43  4 26  3 13  3 36  2  5  3
 82 63  1 89  1 13  3 66  3 82  4 30  1 58  2 51  2 10  1 18  1 24  1 53  4  1  2 81  1 22  3  7  2 25  2  2  3 65  1 15  4 49  4 54  4 84  3  4  2 16  3
 83 67  4 73  3 15  4 18  2 85  3 77  4 86  2 22  1 20  3  2  4 19  3 79  3 59  1 91  4 74  2 28  2 56  1 45  1 61  1 89  2 75  1 46  4 23  4  0  1  6  2
 84 81  4 62  4 79  2 21  4 50  3 48  2 75  2 83  1 28  4 76  1 12  2 31  4 20  4 42  1 19  4  7  2 61  1  1  1 33  3 46  1 52  4 43  2 11  2 93  1 85  3
 85 20  2 53  3 42  4 79  2 36  2 55  1 83  4 41  1 94  3 28  3 12  1 18  2 24  1 60  1 80  1 49  3 26  3 40  3 51  1 30  1 91  3 10  4 97  4 84  2 82  4
 86  2  3 80  3 96  2 68  1  1  4 62  2 39  1 38  2 19  1 47  1 21  2  5  1 54  4 78  2 58  3  7  2 71  1 74  4 91  2 88  4 12  1 27  2 85  4 34  3  8  3
 87 29  4 58  1 61  3  5  1 50  4 48  4 94  2 80  3 92  3 65  2 99  1 18  3 79  2 76  3  9  4 77  4 14  4 47  4  0  2 87  4 91  2  4  1 81  3 15  3 70  3
 88 93  2 31  3 18  2 83  4 41  2 20  3  3  1 77  4 37  2 97  4 79  2 91  4 68  2 92  4 43  3 45  2 98  2 96  2 85  2  8  1 13  4 38  1 51  1 78  1 74  4
 89 63  4  7  3 13  2 52  2 67  4 92  1  1  4 35  3 47  3 42  3 22  3 70  1 38  3  9  2 49  3 64  4 58  1 74  2 19  4 96  1 39  1 30  1 88  3 17  2 90  4
 90 14  2 92  3 45  4 31  2  1  2 67  3 39  3 22  4 27  2 60  3 46  3 30  1  5  2 66  2 72  3 55  2 81  3 86  3 41  3 42  2 70  2 69  3 84  1 74  2 44  4
 91  6  3 78  2 42  4 82  4 83  1 62  3 35  2 57  3 23  2 67  3 55  2 72  3 77  1 46  2 91  3  1  3 85  2 14  4 65  4 49  1 29  1  9  4 66  1 37  2 28  3
 92 79  1 33  2 71  2 10  2 87  2 14  2 50  1 22  2 77  1 85  2 23  3 21  4 18  4  4  1 96  2 81  3 36  4 35  3 73  4  2  1 59  2 67  2 64  3 54  4 44  2
 93 63  4 19  2 69  4  9  2 95  4 78  1 23  2  6  3 67  1 38  2 56  2 79  1 60  1 81  2 58  1 20  2 27  2 35  1 74  2 40  4 84  2 34  2 44  3 30  3 96  2
 94 77  4 11  3 74  3 78  2 33  3 38  4 17  3 90  3  0  2 67  4 95  2 52  2 20  2 64  3 45  3 93  3 63  2  6  2  2  1 41  3 16  2 27  2 25  2 92  1 83  3
 95  6  2 83  4 26  1 27  1 50  3  1  4 94  4  3  2 78  3 90  4  8  2 99  4 86  3 32  1 75  4 59  1 76  2 88  4 89  3  9  2 35  1 95  3  7  4 47  1 79  2
 96 24  4 28  2 83  3 21  1 46  1 99  3 35  1 87  1 22  1 73  2 12  4 98  3 75  3 15  3 37  4 49  2 31  4 26  2 56  3  0  3 95  2 72  4  9  2  2  2 53  1
 97 42  4 29  1 32  1 95  2 56  4 51  2 27  1 22  2 70  3 12  3 21  3 62  3 40  3 76  4 69  4 96  2 55  4 15  3 85  2 68  4 80  1 47  2 28  1 41  1 59  1
 98 15  3 79  2  4  3 66  1 31  4 30  1 16  3 45  1 87  2 14  4 62  1 80  3 85  3 76  2 57  1 32  1 63  4 74  3 25  4 23  4 11  3  6  3  9  4 22  4 82  4
 99 53  4 62  2 86  4 83  4 92  3 61  4 34  1  1  4 45  4 71  4 75  1 23  3 69  4 68  3 93  2 97  2 35  4 30  3 70  3 19  2 66  2  0  2 46  3 38  4 26  1

Orders
  0   1   7
  1   2  26  26
  2   2  82  40
  3   1  12
  4   2  20  89
  5   2  10  10
  6   2  26  26
  7   3  35  35  90
  8   1  38
  9   1  90
 10   2  16  81
 11   3  87  87  15
 12   1   2
 13   1  15
 14   1  18
 15   1  76
 16   3  20  20  72
 17   1  61
 18   1  68
 19   4  10  10   0   0
 20   1   6
 21   1  30
 22   1  11
 23   1  76
 24   2  29  29
 25   1  29
 26   1   0
 27   1  48
 28   2   3   3
 29   1  41
 30   1  61
 31   1  77
 32   4  87  87  63  63
 33   3  36  36  70
 34   1  49
 35   1  87
 36   1  38
 37   1  21
 38   1  53
 39   1  83
 40   1   6
 41   1  19
 42   1  24
 43   1  49
 44   2  20   6
 45   1  89
 46   2  90  11
 47   1  97
 48   4  58  58   3   3
 49   1  76
 50   2  56  56
 51   4  65  65  26  26
 52   1   6
 53   4  22  22   2   2
 54   2  19  75
 55   2  17  17
 56   1  75
 57   3  70  70  91
 58   1   8
 59   2  97  28
 60   1  55
 61   2  29   5
 62   2  81  81
 63   3  94  94  16
 64   1  98
 65   1  59
 66   2  77  76
 67   1   1
 68   1  80
 69   1  66
 70   2  16  65
 71   2  39  21
 72   1  67
 73   2  32  32
 74   4  55  55   1   1
 75   1   4
 76   1  74
 77   4  62  62  17  17
 78   1  89
 79   2  22  60
 80   2  22  22
 81   2  37  62
 82   1  20
 83   2  80  80
 84   4  55  55  18  18
 85   2  52  21
 86   1   7
 87   1  87
 88   1  90
 89   1  78
 90   1  31
 91   1  29
 92   1  12
 93   3  68  68  46
 94   2  22  22
 95   1  55
 96   2  65  65
 97   1  16
 98   2  23  23
 99   1  82
100   1  91
101   2  57  57
102   1  40
103   2  15  15
104   1  40
105   3  59  59  42
106   1  19
107   1  84
108   2  31  31
109   1  32
110   1  37
111   2  66  66
112   1   4
113   2  63  27
114   2  53  52
115   1  74
116   4   5   5  53  53
117   1  96
118   2  49  49
119   1  23
120   1  15
121   1  97
122   3   7   7  27
123   1  96
124   1  98
125   2  70  70
126   1  13
127   1   9
128   2  53  53
129   2   9  33
130   2  18  18
131   1   8
132   1  16
133   2  70   0
134   1  90
135   1  44
136   1   2
137   1  32
138   2  21  21
139   1  58
140   1  92
141   2  83  67
142   4   8   8  55  55
143   1   6
144   2  10  10
145   4  10  10  62  62
146   3  22  22  88
147   1  45
148   1  16
149   4   6   6  59  59
