N 100
R 50
O 50

RS 25

Racks
  0  4  3  8  1 20  4 99  4 40  1 25  3 28  1 85  3 52  2  7  1  5  4 23  1 53  1 12  2 15  1 69  2 56  2 37  2 17  1 72  4  9  1 75  3 14  2 88  2 66  1
  1 96  2 10  4 61  4 62  1 46  3 42  4  2  1 34  3 13  3 70  2 94  2 37  3 47  4  8  4  3  1  7  3 97  4 56  2 99  3 89  4 50  2 72  2 20  1 17  3 86  3
  2 95  3 98  3  7  4 33  1 82  3 10  4 63  3 18  1 99  3 68  3 61  4 73  3 34  4 17  4 52  3 65  4 69  2 59  2 19  3 54  4 32  2 83  1 80  3 66  1 21  2
  3 97  3 76  3 27  2 75  2 52  3 29  2 26  1 89  4  5  2 93  1 88  3 35  1 66  3 57  4 24  2 72  1 83  4 20  4 36  1 50  3 71  1 49  2 64  2 44  3 81  2
  4 79  1 86  2 80  3 46  3 58  1  9  3 64  3 52  4 11  4 93  2  2  3 51  4 98  1 23  2  5  2 26  3 63  3 60  1 54  2 69  2 27  4 47  4 74  2 48  1 77  2
  5 99  1  4  3 51  4 98  3 97  3 24  4 33  3 35  2 22  2 63  2 11  2 86  4 90  1 38  2 28  3 83  2 34  3 65  4 82  3 26  3 25  2  8  3 87  3 49  3 67  4
  6 19  4 27  2 98  2 59  2 90  4 35  3 79  2 13  1 28  1 58  4 46  3 84  1  0  4 81  2 71  1 95  4 10  1  5  1 31  3 25  2 83  1 34  3 40  2 20  1 29  3
  7 89  2 95  3 39  4  1  4 58  3 70  3 64  3  8  3 45  2 31  4 71  1 50  1 10  1  7  4 16  3 81  3 29  2 36  3 17  3 66  2  0  4 94  2 93  3 88  2 85  4
  8 25  3  1  3 14  4 93  3 87  1  0  4 85  3 33  3 26  2 32  3 74  3 18  2 84  4 72  2 71  2 57  1 78  2 15  1 61  3 77  4 43  2 67  2  7  2 70  4 41  4
  9  4  2 79  3 25  1 71  3 50  2 17  4 36  2 65  3 10  2 21  1 64  4 81  4 37  1 28  3 89  2 90  1 72  2 97  2 74  4 91  3 83  2 49  4 43  1 62  4 85  3
 10 12  2 16  2 88  4 55  3 58  2 39  4 71  2 28  4  5  4 29  3 51  3 80  4 65  2 89  2  7  2 47  1 40  1 43  4 50  2 99  2 25  3 10  2 21  1 62  2 36  4
 11 42  2 78  3 41  2 84  2 74  2 85  2 10  4 77  3 22  3 60  4 69  4 28  2 29  4 95  2 27  1 57  4 38  3 21  1 15  2 94  3 34  4 86  1 17  1 53  1 55  2
 12 49  1 43  2 40  4 74  3 51  2 39  4 83  1 44  4 80  1 81  3 93  3 55  4 26  2 31  1 24  1 63  2 59  4 19  1 16  2 34  2 82  1  4  3  2  1  7  3 20  4
 13 28  3 22  2 66  2  2  2 40  3 25  2 90  4 97  3 71  3  3  4 42  2 51  1 98  4 84  1 46  4 72  2 92  4 10  3 39  1 56  1 62  2 78  2 14  3 75  1  6  2
 14 49  3 47  1 19  1 68  3 76  4 23  1 50  2 51  2 53  3 86  1 59  1  0  3 28  2 14  1 62  2 80  1  8  2 69  1 88  4 42  2  2  3 92  4 60  1 29  1 11  2
 15 55  3 22  2 63  3 96  1 85  3 77  2 88  2 74  1 42  3 73  3 33  4 19  3 66  1 80  2 37  3 12  3 51  3  9  1 79  2 46  4  7  2 21  4  0  3  3  4 23  2
 16 31  3 23  4 93  2 82  1  6  2 19  3 17  3 71  1 72  4  7  4 80  3 63  3 85  3 34  1 41  4 66  1 78  4 67  3 21  2 68  2 89  3 45  3 42  1 86  4  5  2
 17 88  1 62  3  6  4 70  2 93  4 65  3 18  1 35  2 12  1 46  1 19  1 34  2 47  3  0  4 23  2 33  3 64  1 54  4 56  1 51  1 95  3 49  2 67  2 41  2 53  3
 18 17  1 47  3 79  4 68  4 19  2 46  3 41  2 71  2 40  2 88  1 99  1 91  1 57  2  7  2 42  2 54  4  6  2 53  2 44  1  5  2 75  4 82  3 90  3 92  1 14  2
 19 35  3 36  2  9  1 93  2 52  4 50  2  4  1 47  2 49  2 12  2 71  4  6  1 67  4 73  3  0  3 72  4 42  1 78  4 96  4 80  3 51  3 48  3 56  3 95  2  8  4
 20 35  4 98  3 37  2 49  2 42  3 39  3 86  2 64  1 95  1 77  3 73  2 61  1  6  4 25  2 89  3 20  2 16  3 91  2 41  1  7  2 94  1 46  4 85  3 30  4 62  3
 21 70  1 73  1 50  4 47  3 34  3 84  4 10  4 33  4 12  1 26  3 42  4 83  3 11  1 21  1 88  1 51  1 64  4 41  4 29  3 16  2 28  2 97  3 48  2 82  4 52  1
 22 24  4 28  4 71  2 72  2 78  3 63  1 74  4 84  1  3  4  6  3 60  2 44  1 38  2  0  3 89  4 37  3 10  2 12  3 73  4 65  4 32  1 94  1 15  3 35  4 19  1
 23 32  2 27  1 68  3 39  2 50  4  1  1 59  2 86  3 30  2  4  3 26  2 21  4 99  1 17  2 81  3 77  3 75  3 56  3 55  3 87  4 65  2 91  1 45  4  5  4 35  3
 24 61  3 11  4 76  1 68  1 67  4 78  2 39  4 37  2 15  3 90  1 46  4 91  1 89  1 24  1 88  3 53  4  8  3 82  4 62  3 14  3 66  1 54  1 74  1 30  3 29  2
 25 21  2 93  4 69  2 95  3 43  2 57  2 34  3 74  4 56  2 44  3 73  4 51  4 41  4 81  3  5  1 38  3 40  4 14  2 92  2 10  3 80  1 83  1 55  2 18  2  2  2
 26 94  3 54  1 57  1 85  3 42  4 31  1 17  1 70  3 74  3 95  3  8  3 96  4 91  2  9  1 93  3 19  2 20  1 36  4 83  1 63  4 44  3 12  1 90  2 59  3 25  2
 27 35  1 27  4 29  3 85  4  3  1 96  1 41  4 62  4 20  1 23  2 48  2  0  3 54  4 82  4 21  3 55  4 12  1  7  3 66  1  8  1 47  4 13  2 60  3 30  3 14  2
 28 86  2 32  2 43  4 27  4 68  2 65  1 85  4 52  4 77  2 44  1 36  4  5  4 31  4 72  4  4  2 60  4 40  1 79  1 87  2 10  1 95  3 66  2 18  3 54  1 71  4
 29 78  4 23  3 27  4 45  4 26  4 10  2 88  4 97  2 90  2 80  4 35  3  1  1  2  2 96  3 76  2 89  2 60  1 64  1  4  4 84  4 70  4 92  3 75  3  7  4 24  3
 30 53  4 97  3 48  1 39  2 95  3 22  4 94  2 71  2 41  3 67  3 93  1 56  4 29  3 24  1 14  4 61  4 91  4 26  2 70  4 12  3 33  2 34  3 27  1 28  2 62  2
 31 20  1 57  3 93  3 85  3 68  1 74  4 87  3 12  4  4  1 44  4 89  4 59  2 22  2 80  4 54  3 45  4 98  1  9  4 94  3 14  4 32  3 50  3 18  1 48  2 17  4
 32 69  3 73  1 89  1 82  4 60  3 64  1 27  1 66  2 36  4 53  1  7  2 44  2 35  1 50  2 79  1 32  1 76  2 21  2  5  4 15  2 37  1 30  4 71  2  9  2  4  4
 33 64  1 14  2  9  4 51  4 96  2 58  2 33  3 90  1 49  4  6  1 86  2 50  4 24  2  8  3 61  4 75  1  5  2 87  4 47  2 12  3 66  3 94  1 78  1 82  4 48  4
 34 85  4 44  2 28  4 54  2 21  3 27  2 18  1 67  2 42  4 82  2 72  3 30  1 70  3 71  1 65  4 58  4 15  3 45  4 13  1 75  2 31  1 34  3 36  2 68  4 86  1
 35 39  2 55  3 14  1 89  3 71  4  0  3 75  1 11  4 94  4 38  4 95  2 45  4 34  2 53  2 79  1  8  3 60  4 40  4 52  1 85  1 98  1 47  3 87  2 42  2 43  3
 36 44  2 37  4 39  4  5  4  2  3 76  1 36  1 91  4 53  4 65  1 74  2 89  4 54  1  4  1 20  1 83  2  8  2 21  4 16  4 11  1 45  1  1  3 32  1 48  2 28  1
 37 84  4 66  4 52  1 94  3 38  2 56  3 96  2 93  2  0  3 46  3 86  2 19  2 91  1 61  3 18  2 48  1 14  2 26  4 73  3 99  2 41  2  9  4 42  4 30  1 64  4
 38 28  1  2  1  4  1 67  3 38  4 77  3 29  2 14  2 17  2 11  2 27  4  9  4 79  4 34  3 92  2 21  4 26  2 81  1 73  1 41  3 61  2 55  4 51  4  7  2 68  3
 39 73  1 99  1 47  3 64  1 69  3 72  1 77  3 67  2 27  4 66  3 36  3 89  1 57  4 76  1 83  2  8  1 35  1 93  2 14  2 80  2 44  4 51  3 33  1  4  3 30  2
 40 46  2 83  1 91  4 23  2 11  3 43  3 22  2 16  1 29  2 75  3 89  4 35  4  3  1 60  3 45  4 18  3 68  4 66  4 27  1  6  1 26  3 53  4 32  4 41  3 86  2
 41 36  4 50  2 66  2 41  3 26  1 24  1 56  4  8  3  3  1 32  3 63  2 14  3 61  1 91  1 64  1 39  2 95  4 59  3 53  4 25  1 57  2 16  1 55  1 10  1  2  4
 42 87  1 53  4 62  4 61  2 73  1 97  1 68  2 43  3 28  3 58  4 94  2 16  1 59  3 66  2 65  3 19  1 45  3 91  3 40  2 57  1 39  3 56  1 83  4 32  1 90  3
 43 70  1  2  1 98  3 39  4 64  3 47  2 92  2 58  1 87  4  8  2  3  4 91  1 85  1 29  1 63  4 53  1 96  1 17  3  6  2 78  1 73  1 67  4 90  3  4  4 75  1
 44 34  4 95  3 79  4 25  2 39  2 38  3 35  4 55  4 37  4 30  4 13  1 27  2  4  4 20  4 98  2 12  1 53  3 43  4 90  1  2  2  5  3 78  1 85  3 77  4 57  3
 45 30  4 57  4  1  4 66  2 56  1  5  4 16  2 22  1 85  2  9  4 47  2 18  1 98  4 59  2 68  1  2  4 23  1 33  3 19  3 45  3 55  2 80  2  6  3 93  4 32  3
 46 78  1 53  1 27  1  3  3 72  3 37  1 32  3 83  2 86  2 22  1 98  3 35  2 52  1 56  3 70  1 24  4  6  1 57  3 59  3 19  1  2  3  7  1 49  4 31  3 93  4
 47 66  3 82  4 88  1 14  4 44  2 46  2 60  4 86  4  8  1 30  2 48  3 54  3  1  2 71  4 61  2 83  1 89  4 79  2  3  1 17  4 93  3 58  3 97  2 77  4 19  4
 48 18  1 95  2 47  3 73  3 26  1 28  1 20  3 31  2 17  4  8  3 68  1 93  1 40  3 89  1  5  1 13  3 84  3  2  2 75  4  3  3 64  2 33  2 60  4 50  2 69  1
 49 37  4 12  2 70  1 95  4 61  3  1  4 19  1 49  1 17  4 64  4 24  4 21  2 91  1 42  1 35  4  7  1 89  3 44  1 98  3 83  3 29  4 97  2 27  1 39  4 76  2

Orders
  0   2  34  34
  1   1  44
  2   1  72
  3   4  96  96  10  10
  4   1  22
  5   1  99
  6   1  74
  7   1  82
  8   1  80
  9   1  81
 10   1  53
 11   1  38
 12   1  15
 13   3  53  53  44
 14   1  14
 15   1  35
 16   1  13
 17   1  41
 18   1  84
 19   1  90
 20   2   1   1
 21   1  50
 22   1  58
 23   1  52
 24   3  88  88  73
 25   1  58
 26   3  68  68  91
 27   2  29  61
 28   1   5
 29   1  91
 30   2  96  12
 31   1  80
 32   3  84  84  48
 33   1   3
 34   1  14
 35   2  83  83
 36   1  87
 37   2  61  16
 38   1  30
 39   2   0  99
 40   4  65  65  42  42
 41   1  16
 42   1   2
 43   2  37  37
 44   1   6
 45   1  11
 46   3  86  86  39
 47   2  42  18
 48   1  57
 49   1  95
