N 100
R 100
O 100

RS 25

Racks
  0 73  2 46  2 81  3 57  4 66  3 11  3 13  4 32  4  4  1  2  3 42  2 75  4 63  2  7  1 26  3 74  2 90  1 91  1 35  1 47  4 58  1 31  3 45  1 20  2 14  1
  1 93  4 43  3  6  1 31  4 53  1 99  4 75  1 10  3 30  3 41  1 19  1 97  4 73  1 46  2 96  2 33  3 98  1 13  2 87  2 39  4 76  1 40  4 15  2 14  2 21  1
  2 81  3 63  2 96  1 72  4 18  4 10  3 12  4 56  2 57  2 68  3 86  2 82  1 14  4 45  3 43  2 26  1 17  4 41  2 99  1 93  4  5  4 15  3  6  4 73  2 39  2
  3  0  1 40  4 42  2 53  3 47  1 90  1 30  3 94  4 31  1 35  2 25  1 34  4 51  4 26  4 18  2 21  2 76  4 77  1 13  3 80  1 45  3  5  4 98  2 16  2 95  1
  4 80  2 14  3  3  2 17  3 26  3  4  4  7  1 45  2 60  2 44  4  2  4 83  2 92  1 15  3 51  4 30  2 34  1  0  3 32  1 42  1 70  1 43  3 84  4 12  4 81  2
  5 57  4 92  4 81  3 89  4 64  4 66  4  8  3 77  1 44  1 67  2 54  3 55  4 70  2 59  2 46  3  3  2 94  2  1  3 95  3 16  4 51  4 47  4 98  4 18  3 12  4
  6 92  1 86  4  0  3  8  2 11  1 87  2 24  1 64  2 30  4 74  2 62  1 45  3 54  2 57  1 12  2 47  3 43  1 73  3 89  1 18  3 31  3 93  4  6  2 85  1 82  3
  7 66  4 62  2 19  3 44  1 99  1 23  3 86  3 15  4 20  2 22  2 78  2 40  2 54  3  4  2 16  2 65  4 34  1 58  3 13  1 29  2 84  3 91  4 96  4 76  1 59  3
  8 52  1  4  2 27  3 54  1 13  4 30  1 23  1  7  4 74  3 28  3 35  4 93  2 79  3 62  3 20  1 15  4 90  2 99  1 16  1  1  2 60  1 41  1 77  2 63  1 64  1
  9 55  3 70  2 45  4 40  3 63  3 29  3 69  4 81  3 85  3 62  2 46  2 96  3 48  1 64  3 43  1  8  4 47  4 51  2 90  4 66  1 56  1 72  4 20  3 65  3 58  4
 10 96  3 66  4 59  1 39  2  5  1 19  2 97  4 46  4 60  2 38  1 67  3 36  4 49  2 84  2 62  3 14  1 58  2 15  2 87  2 42  1 92  2 99  3 25  3 11  4  9  2
 11 81  2 42  3 12  4  2  4  8  2 36  2 98  1 59  1 23  3 97  1 57  2 28  2 56  4 33  2 26  4 37  3 66  3 90  3  0  1 49  2 31  3 88  2 41  2 85  2 19  3
 12  2  3 15  4  4  1  0  2 76  1 94  4 23  3 70  3 37  1 73  2 85  3 11  3 89  3 58  3 72  2 56  2 77  2 38  4 86  4 26  4 42  3 20  4 61  2 10  2 46  1
 13 57  3 67  2 90  4 17  3 22  2 43  3 42  2  3  4 62  4 86  1 80  4 81  2 60  2 10  2 79  2  5  2 32  1  1  3 46  1 92  1 99  3  9  1 47  2 39  2 94  2
 14  8  1 17  3 42  3 99  2 79  1 15  4 61  3 95  1 27  2 74  3 98  1 38  2 59  4 35  4 25  4 70  1 60  2 75  2 68  3 34  3 14  3 56  4 57  4 76  1 91  1
 15  3  2 92  4 98  1 30  3 35  3 17  1 65  4 82  3 22  4 39  1 63  4 64  2 80  2 97  4 21  3 81  2 38  4 56  4 31  1 90  1 42  1 89  4 32  2 66  4 73  1
 16 85  1 25  3 16  4 36  3  7  4 94  4 87  4 75  2 49  1 64  1 51  1 15  1 57  3 71  3 78  1 55  4 79  3 73  1 23  3 99  4 41  4 29  1 13  1 28  3 24  2
 17 89  3 66  4 72  3 95  1 71  3 16  1 46  1 94  3 29  2 85  1 24  1 98  4 19  4 26  2 39  3 64  1 20  1 54  2 92  4 11  4 13  1 57  2  9  4  3  1 47  3
 18  7  1 28  2 87  1 96  1 15  3 64  3 17  2 69  4 43  4 93  3 33  2 91  3 88  2 34  4 32  2  5  4 30  2 56  1 45  4 19  2 10  3 26  1 37  4 90  4 73  4
 19 17  2 23  1 35  3 29  1 41  1 11  3 27  2 47  4 83  1 74  3 89  1 88  2 52  3  5  4 14  2 15  4 32  4 16  4 53  3 38  4 82  4 20  1  7  2 49  3 60  1
 20 66  4 97  2 15  4 32  3 26  4 58  4 38  4 33  2 25  3 14  2 96  3 59  2 60  2 21  4  2  4 27  2 57  1 63  4 75  2 98  3 37  3 82  3 85  3 40  2 80  3
 21  5  1  4  4 99  2  3  4 37  4 85  3 55  1 91  2 52  1 19  1 58  2 56  4 31  2  8  3 38  2 21  4 90  2 53  3 62  3 11  1 23  3  2  3 95  1 66  4 68  1
 22 71  2 51  3 20  3 91  4 73  4 21  1 62  4 99  3 48  3 23  3 47  4  0  3 15  4 33  4 44  3 38  3 11  4 88  3  8  1 50  1 80  1 58  4 94  2 74  1 49  1
 23 23  2 42  2 20  1 79  3  3  4 82  1 18  3 63  1 44  3 15  1 87  4  9  4  5  3 73  3 54  1 80  4 19  2 14  4  2  2 47  2 30  3  0  4 43  3 46  3 61  4
 24 79  1  9  4 20  2 49  4 73  2 89  2 33  3 57  1  5  4 97  3 25  4 21  3 42  2 43  4 59  3 94  4 56  2  4  1  6  1 48  3 50  4 93  3 29  3 28  3 51  4
 25 68  1 39  2 38  2 64  4 60  2 20  2 57  3 93  1 31  3 94  2 96  2 47  3 79  3 14  2 19  3 53  1 40  4 65  2 95  1 97  2 34  2 45  1 63  4 25  3 80  2
 26  8  1 11  2 10  2 42  1 31  2 68  4  3  3 80  4 86  2 64  1 51  4 34  3 46  3 95  3 25  2 81  2 47  1 83  2 14  3 72  4 96  2 39  3  0  2 73  4 63  1
 27 46  1 94  4 33  1 89  3  8  2 35  1 67  3  0  4 76  3 34  1 86  3 15  4 53  2  1  4 22  3 13  2 50  1 96  3 60  4 24  2 84  4  4  2 58  4 48  4 47  3
 28 37  2 65  2 68  2 90  1 91  1 62  3 43  1 73  2 35  3 20  2 53  4 70  1 50  3 57  2 55  4 32  4 44  4 36  2 59  4 69  1  3  2  7  1  5  1 22  2  2  1
 29 18  3 51  4 56  1 61  2 53  2 71  2 59  4 82  1 19  4 45  2 88  4  2  2 95  3  8  2 73  1 27  3 97  3 81  2 24  2 79  4 68  4 62  4 23  4 93  3 89  1
 30 54  4 29  1 62  4 34  2 72  2 56  4 42  3 95  3 76  3 20  1  8  1 91  4 79  3 17  3 43  1 55  3 22  2 57  3 13  4 98  1 69  3  7  3 38  1 97  1 19  2
 31 77  1 21  4 55  1 95  1 74  1 35  2 63  2 28  3  1  2 29  2  2  3 15  3 46  3 57  1 69  2 58  3 49  1 62  1  6  2 72  4 80  2 34  4 17  4 37  1 59  1
 32 10  4 96  2 20  4 19  3 94  3 54  2 84  2 17  2 38  4 39  3 91  1  9  4 46  1 50  3 59  1 51  4 57  3 73  2 78  4 15  2 65  3 63  3 34  3 49  1 85  2
 33 25  2 80  3 26  1 40  3 61  2 54  3 68  1 21  4 87  3 41  4 78  1 34  3  4  3 42  4 60  3 56  4 23  1 73  3 66  4 95  2 32  3  3  3 82  2 22  4 50  3
 34 46  4 27  1  1  2  0  1 66  1 40  2 34  4 49  3 70  1 74  2 73  4 48  3 79  1  5  1  4  2 28  2 24  2 89  1 36  3 62  2 37  2 44  3 72  3 69  4 90  4
 35 38  3 81  2 49  2 94  3 34  1 72  2 67  2 76  1 68  2 53  1 42  3 63  4 95  3 27  2 32  3 12  2 16  4 70  1 82  4 77  2 26  1  1  1 69  3 61  4 23  2
 36  8  1  2  4 39  2 53  4 78  4  6  2 16  4 98  3 85  3 37  3  3  1 88  1 55  2 92  2  0  1 45  4 10  3 72  3 13  2 97  1 57  4  9  1 30  2 27  2 69  1
 37 45  3 76  2 80  2 73  2 58  2  6  3 40  3 62  1 29  4 78  3 82  4 11  3 20  1 36  1  1  4 56  3 67  2 61  3 39  1 12  4 57  1 22  2 59  3 64  1 79  4
 38 33  3 67  3 45  3 27  3 82  2 46  2 88  4 31  4  5  3 49  4 25  1 16  4 59  2 58  3 40  1 90  4  0  4 37  4 53  1 70  2 99  2 23  4 62  1 71  3 74  3
 39  5  3 34  3 43  4 55  2 40  1 64  4  2  1 13  3 37  3  6  2 21  4 78  2 52  1 86  1 18  4 96  3  7  4 32  2 49  3 99  2 20  1 82  4 30  2 66  1 87  2
 40 18  1 65  3 17  1 10  1 37  2 84  4 79  4 28  4 64  1 58  1 26  3 95  4 97  1 41  2 50  4 35  3 31  3 81  1 73  2 45  4  2  3 89  2 70  2 32  2 74  4
 41 22  4 72  1 89  2 92  4 98  1 56  2 38  2 40  4 42  1 78  4 96  2 32  4 46  3 82  3 79  2 61  3 91  1 30  1 75  4 28  1 33  4 64  2 20  1 88  2 52  3
 42 78  4 79  2 55  2 95  4 26  1 74  4 19  2 97  1 65  3 64  4 15  2  8  4 92  1 51  3  2  2 57  1 86  1 62  1 34  3  3  4 23  2  5  2 48  3 76  1 17  2
 43 85  3 44  4 23  1 62  3 25  2 61  4 77  1 26  2 20  2 48  3 63  4 49  1 79  2 11  1 38  3 83  4 22  1  7  2 89  2 54  4 82  2 60  2  0  3 70  2 97  3
 44  9  3 75  3 48  2 28  4 11  2 20  2 31  4 95  4 74  2  8  2  6  4 67  3 45  2 36  4  2  3 76  3 82  3 37  1 85  2 93  2  5  1 41  1 61  4 34  3 13  3
 45 58  1 63  2 92  2 79  4 53  1  3  3 76  3 97  4 21  4  5  1 43  2 22  3 66  1 20  1 12  3 73  1 94  3 71  3 31  2 57  2 59  4  4  4  8  1 54  4 46  4
 46 54  4 11  1 19  4 72  2 95  4 46  4 77  2 27  2 75  1  9  1 52  4 38  3 36  4 59  2 28  3 63  3 42  4 64  2 88  2 81  3 65  4 93  4  8  3 76  3  6  1
 47 77  3 99  2 17  1 14  2 66  1 65  2  1  3 37  2 88  3 73  4 42  2 32  2 11  3 90  3 35  3 49  4 22  4  8  4 87  4 21  1 46  2 67  3 68  3 24  1 69  1
 48  5  1 44  3 12  2 35  1 98  3  4  2 71  3 79  2 51  3 76  3 81  3 83  3 96  3 17  2 56  3 42  2 14  3 11  3 52  4 36  4 78  2 62  1 48  3 70  4 33  2
 49 58  3 74  2 17  3 38  4 40  3 93  1  8  1 30  3 21  1 63  3 22  3 51  4 35  3 10  3 76  1 54  4 28  2 64  2 95  3  0  3 77  2 13  1 85  4 16  4 59  2
 50 97  1 68  1 69  2 50  4 11  3 26  1 61  4 51  2 98  2 62  2 58  3 88  3 82  3 64  3 48  4 74  1 10  3  7  4 92  2 66  3 72  4 19  2 78  1 77  3  2  3
 51  2  4 12  4 56  4  8  1 47  4  9  2 66  2 84  4 85  2 68  1 44  4 55  1 89  3 46  3 86  2 61  1 42  4 33  3 21  2 52  1  0  1 88  4 25  3 77  1  5  3
 52 58  3 75  1 92  1 80  3 16  3 27  2 49  2 12  2 10  4 60  4 89  4 66  1 88  3 79  4 64  4 25  1 33  4 81  3  9  2  8  2 76  2 21  1 19  3 44  1 35  1
 53 42  2 50  3 78  4 18  3 33  2 72  3  8  4 36  4 29  3 44  3 45  3 51  3 70  1 69  1 57  2 91  3 11  1 40  1 97  4  5  1 46  4 43  1 94  2 75  2 98  4
 54 22  3 60  1 19  1 31  2 96  2 26  1 84  4 47  4 35  4 28  1 58  3 88  4 53  4 56  2 46  1 80  2 70  4 14  4  6  2 38  1  4  4 40  3 51  4 42  3 71  2
 55  8  2 72  1 71  3 17  1 87  3 95  1 13  2 85  3 24  3 63  2 44  2 93  3 84  3 22  3  3  3 52  1 70  3 28  4 64  4 86  4  2  3 75  2 38  1 69  2 12  1
 56 42  4 32  3 79  2 29  1 16  4 87  4 46  1 71  3 68  1 72  4 33  4  3  4 52  2 90  1 18  4 20  1 41  1  6  3 83  1  1  1 30  4 93  1 60  2 89  1 48  4
 57 20  4 59  4  6  1 97  2 94  1 74  1 88  1 69  3 28  4  9  1 77  3  3  1 47  1 35  2 30  1 65  4 22  3 43  1 14  1 34  3  0  3 58  1 89  3 81  3 37  2
 58 23  4 84  4 28  2 93  3 85  1 45  4 37  3 41  3 54  2 89  1 87  2 31  3 62  2 86  4 13  3 98  1 34  2 25  4 55  4 78  4 44  3 63  1 10  4 53  3  3  3
 59 21  4 14  4  2  4 87  2 78  1 40  2 76  2 70  1 79  1 62  1 49  3 11  1 22  3 38  3 34  1 95  1 59  4 60  1 75  4 41  2 97  1 91  1 52  2 90  1 73  1
 60 34  4 29  1 54  4 70  3 16  4 24  3 46  4 60  4 88  4 22  1 71  1 33  3 42  3 99  3  4  3  3  1 64  3 68  3 39  3  2  2 15  1 40  3 35  1 32  4 10  2
 61 16  4 54  2  2  1 34  4 69  4 52  4  1  1 46  3 13  4 20  2  5  4 56  1 39  1  7  1 55  3 67  2 79  4 65  1 98  4 90  3 87  1 30  4 84  1 49  4 88  4
 62 37  4 49  3 15  1  9  2 94  2 47  4 52  4 73  4 12  2 45  1 99  1 40  3 35  4 98  4 17  3  1  3 76  1 33  1 72  3 55  4 95  3 26  2 81  3 62  3 10  2
 63 90  1 86  2 96  4 56  1 28  1 18  2 24  3 93  3 32  2  4  3 72  2 81  4 71  3 92  4 39  2 27  4 11  1 64  3 99  4 67  2 49  3 79  2 14  4 85  2  9  3
 64 39  3 78  3 81  1  8  2 51  4 54  4 89  1 87  4 75  2 88  1 31  4 24  3  7  4 57  3 84  4 29  2 20  2 85  4 67  4 17  2 90  1 93  3 61  4  5  1 79  3
 65 10  4 53  1 22  1 35  2 14  2 93  3  7  1 47  2 77  3 40  1 58  4 74  2 28  3 61  1  4  2 36  3 19  1 81  1 66  4 57  2 16  3 76  1 33  2 82  4 59  4
 66 33  2 50  4 43  1 11  1 58  3 93  4 88  4  5  2 40  3 48  4  6  3 23  1 76  3 70  4 49  2 75  1 85  2 97  2 21  4 26  1 77  4 73  1 10  1 83  4 64  2
 67 23  4 94  4 41  1 59  3 65  3 79  2 87  1 70  4 58  4 28  1 10  3 12  4 37  1  6  2 16  1 40  2 14  3 43  3 67  2 73  1 50  3 92  2 17  1 39  1  2  2
 68 91  2  1  4 48  4 59  1  2  2 46  1 30  1 54  3 22  2 76  1  4  3 85  4 69  4 68  4 35  4 53  1 73  1 52  2 12  2 60  3 36  3 74  4 70  4 38  3 95  4
 69  5  3 45  2 74  1 10  1 69  3 55  4 24  4 68  3 14  2 79  4 13  2 61  4 25  4 77  1 31  4 86  3 17  2 22  1 80  1 41  2 88  3 89  1 48  4 16  1 57  4
 70 50  3 14  4 18  3 74  1 66  2 45  4 89  2 70  1 84  2 21  3 71  4  4  2 64  4 41  3  9  2 39  4 22  4 86  3 44  1 11  3 38  4 61  4 90  4 77  4 19  3
 71 44  1 60  1  4  1  7  1 75  4 53  1 61  1 52  3 86  2 10  1 79  2 55  3 16  2 32  1 87  4 27  2 82  2 13  4 85  1  9  1 96  3 35  3 66  1 41  3 95  2
 72 96  3 52  3 31  3 18  1 76  4 32  4 88  3 93  3 20  1  2  2 61  3 97  1 39  1 74  4 25  4 71  3 64  4 30  3 19  1 29  2 68  2 65  2 60  2 26  1 69  1
 73 52  4 47  4 45  3 33  3 42  2  4  3 57  1 74  4 21  4 12  4 22  3 99  2  7  4  6  2 97  4 49  3 10  3 31  2 72  2 79  3 88  1 62  4 95  1 87  2 78  4
 74 92  3  3  2 24  3 74  2 93  4 66  1 44  3 41  3 18  3 75  2 72  4 58  3  4  4 61  4 12  2 29  1 14  1 31  3 70  2 85  3 30  3 36  3 60  4  5  1 55  4
 75 98  2 97  2 39  3 52  4 12  3 19  1 79  2 27  4 30  2 54  2 71  3 44  1 53  3 80  2 73  3  4  2  8  4 94  4 37  1 61  2 41  3 91  2 34  4 70  1 29  2
 76 49  1 84  2 70  2 17  1 72  1  4  2 93  1 15  2 57  1 18  3  1  3 11  4 32  3 38  4 42  4  5  2 23  1 10  4 34  3 88  3  0  3 87  3 14  4 39  3  7  1
 77 95  3 25  1 99  1 52  4 82  2 34  1 13  2 36  2 96  3 77  1 75  3  3  3 38  2 88  4 94  3 32  2 35  1 18  4 49  2 40  3 93  4 67  3 12  3 51  2 69  4
 78 19  2 93  4 38  3 88  3 85  2 87  2  4  2 67  1 66  2 44  4 16  2 76  1 72  3 20  4 73  1 60  1 14  3 71  3 69  2 13  2 35  4  6  4 83  2  3  3 58  2
 79 85  2  0  1 32  1 23  3 30  4 77  3 18  3  9  1 57  2 48  2 68  2 37  4 20  2 14  2 92  4 54  1 40  2 45  4 86  2 33  4 51  2 63  4 72  3 66  3 82  2
 80 29  1 60  3 84  2  5  4 71  4 88  2 18  1 13  2 56  4 31  2 38  3 90  1 23  1 22  3 42  2 64  1 91  3 83  2 53  1 61  1 57  1 12  3 14  3 27  3 30  1
 81 66  4 84  3 92  2 49  4 47  1 61  2 98  4 26  2 18  3 81  4 94  4 35  4 44  1 83  2 14  3 38  4 96  4 69  2  7  2 63  4 60  1 33  4 70  4 56  3 34  1
 82 57  4 67  3 31  4 11  4 20  1 29  1 24  3 89  2  0  2 95  4 21  1  8  2 77  2 36  1 56  1 17  2 78  2 62  4 87  2  7  3 33  1 76  2 70  3 88  4 22  1
 83 35  2  8  1 76  4  9  2 56  3 29  3 60  3 10  4 95  4 66  4 77  4 47  3 46  1 34  3 54  1 61  1 99  1 43  1 86  2 71  2 50  3 40  3 17  2  1  2 96  4
 84 43  3 98  4 88  2 37  4 96  2 13  2 87  3 95  1 93  3 18  3 16  4 48  3 22  1 90  1 63  1 41  4 62  3 78  4 89  3 35  3 38  1 60  3  1  3 51  2  2  1
 85 53  2 21  4 72  1 52  1  9  2 65  2 27  4 98  3 11  4 17  4 84  3 93  1 16  3 59  1 31  1  1  2 34  2 13  3 68  4 12  2 30  2 78  3 20  2 33  2 49  3
 86 91  1 93  4 40  4 17  4 71  1 35  2 68  4 65  1 57  1 30  2 25  3 60  2 19  1 83  3 32  3 24  3 23  2 87  2 88  2 18  1 82  1 94  3 51  2  5  1 78  1
 87 87  1 25  4 77  1 24  3 98  4 99  3 38  1 59  3 26  1 31  3 90  2 57  2 12  3 56  4 91  4 22  1 15  1 44  2 72  1 49  1 71  4 30  1 97  4 55  1 17  3
 88 28  3 51  4 69  2 39  2 58  2 15  1 23  3 38  2 83  4 40  3 30  2 99  2 87  3 66  1  4  1 67  3 59  3  1  4  0  1 85  3 10  2 24  3 12  4 93  3  6  3
 89 69  2 21  2 22  2 40  3 91  3 55  2 68  1 46  3 53  2 95  2  9  4 79  1 18  2 14  1 77  1 17  3 20  3 24  3 99  1 52  1  6  2 47  2 36  2 58  2 88  2
 90 76  3 35  1 40  2 10  4 15  1 66  2 51  1 49  3 56  3 73  2 54  4 64  3 99  1  9  3 24  2 11  1 43  4  6  4 52  2 95  3 19  4 30  1 87  1 20  3 72  3
 91 64  3 56  4 83  1 87  1 24  4 41  4 49  4  3  1 55  3 63  1 68  1 28  1 18  3  4  3  6  1 78  4 74  3 23  2 67  1 86  2 46  1 70  1 15  4 53  1 73  4
 92 41  3  5  3 82  1 40  1 88  3 21  4  0  3 37  1 99  4 17  3  9  2 22  2 34  4 15  3 93  1 81  2 56  2 76  4 32  3 85  1 86  4 48  1 61  1 49  1 97  2
 93 62  1  5  1 53  3 95  4 41  3 44  2 74  3 31  3 18  3 43  4 57  4 25  4 38  4  9  4 78  2 19  3 11  2 34  4 39  2 28  3  0  1 77  3 81  3 51  2 36  2
 94 49  4 31  4 65  3 20  2 99  2 30  3 42  3 19  4 68  2  5  3 23  4 12  4 16  4 96  3 74  3 98  4 36  3 32  3 44  2 21  2 15  3 84  2 13  2 88  4 35  2
 95 77  2 43  3 72  3 47  4 48  2 74  2 69  3 26  3 31  4 52  4 83  4 25  2 16  1 81  2 89  4 60  3 68  2 33  4 67  1 42  3 53  1  7  2 51  4 46  2 54  2
 96  0  1 67  4 87  1 33  1 46  4 71  1 23  1 22  1 72  2 41  3 80  3 63  4 13  1 16  3 68  4 53  4 58  3 20  3 47  4 21  2 43  1 40  3 78  4 52  4 65  2
 97  5  2 18  4 43  1 73  2  7  4 44  2 67  2 13  3 36  4 25  1 70  2 77  2 38  2 49  1 76  1 51  3 60  4 12  1 59  1 48  1 78  4 68  4 85  3 33  1 39  1
 98 75  1 23  2 73  1 35  4 21  2 29  4 50  4 48  2 61  4 60  1 45  1 46  2 64  4  5  3  1  3 59  1 17  3 87  3 69  2 84  4 22  2 94  1 89  4 65  1 53  3
 99 76  2 11  1 31  4 66  1 55  1 87  2 47  3 24  1 52  4 38  4 83  3 46  4 96  3  4  2 35  4 90  1 43  4 29  4 48  1  2  1 54  1 45  1 84  4 37  4 74  2

Orders
  0   1  56
  1   1  33
  2   1  83
  3   1  83
  4   1  68
  5   1   8
  6   1  44
  7   2  41  13
  8   1  79
  9   1  41
 10   1  91
 11   1  70
 12   1  11
 13   1  10
 14   1  35
 15   1  61
 16   1  60
 17   1  98
 18   1  86
 19   2  52  17
 20   3  88  88  73
 21   1  32
 22   1  97
 23   1  29
 24   1  47
 25   3  72  72  26
 26   3  31  31  66
 27   1  25
 28   1  72
 29   2   2   1
 30   2  62  30
 31   2  27  27
 32   1  53
 33   1  13
 34   4   9   9  29  29
 35   1  54
 36   2  61  47
 37   3   1   1  85
 38   2  51  51
 39   1  46
 40   2  99  84
 41   1  57
 42   1  94
 43   1  57
 44   4  67  67  78  78
 45   1  68
 46   1  14
 47   1   5
 48   2   4  30
 49   1  76
 50   1  62
 51   1  81
 52   1  41
 53   1  97
 54   1  59
 55   1  79
 56   1   2
 57   1  66
 58   1  47
 59   3  71  71  65
 60   2  26  26
 61   2  15  15
 62   1  75
 63   3  21  21  36
 64   2  18  18
 65   2  43  88
 66   3   9   9  29
 67   1  69
 68   1  81
 69   1  44
 70   2  50  50
 71   1  69
 72   1   5
 73   1  14
 74   1  37
 75   1  81
 76   1  74
 77   3  17  17  35
 78   1  55
 79   1  29
 80   1  44
 81   1  93
 82   1  34
 83   1  52
 84   1  94
 85   1   6
 86   1  25
 87   3  62  62  68
 88   1  88
 89   1  75
 90   1  52
 91   1  61
 92   3  87  87  79
 93   1  48
 94   2  13  13
 95   1  20
 96   1  50
 97   1   4
 98   2  23  23
 99   2  97  97
