N 200
R 100
O 100

RS 25

Racks
  0 46  3 193  4 15  2 89  1 84  1 94  4 109  3 173  3 85  3 149  3 27  1 122  2 154  3 127  4 167  3 40  3 156  4 101  4 71  3 139  4 130  3 99  1 106  3 47  2 147  2
  1 102  2 191  2 174  3 68  3 52  3 45  1 184  1 83  2 23  4 48  4 160  1 116  1 110  4 75  4 66  3 57  4 47  2 188  4 22  1 163  3 124  1 91  4 62  1 73  4 180  3
  2 13  1 91  2 56  2 187  4 130  1 186  1 12  3 97  2 103  4 98  4 82  3 94  4 75  1 95  4 67  3 195  2 48  4 199  3 28  1  0  1  4  2 149  2 93  1 121  3 106  4
  3 186  2 52  4 62  1 91  4 69  3 15  1  0  2 22  3 102  4 111  3 143  3 156  3 115  1 46  4 27  3 165  4 20  2 44  2 95  4  2  3 83  1 161  4 33  2 196  4 18  2
  4 139  4 193  2 123  4 43  4 157  1 162  1 44  4 194  4 89  1 111  1 58  4 19  1 26  4  5  2 177  1 195  2 98  1 46  1 120  4 110  4 141  1 109  1 47  3  3  1 161  4
  5 82  2 85  1 137  1 144  2 79  1 121  3 28  2 126  4 190  3 132  4 52  1 83  1 191  3 12  4 192  1 151  3 32  1 103  1 75  3 180  1  5  3 14  4 20  3 71  2 87  2
  6 165  3 78  4 89  3 173  1 162  1 72  1 55  3 159  3 155  1 122  3 93  4 130  2 99  3 19  3 35  4 12  2 79  4 18  4 117  1 134  2 47  4 119  3 85  2 98  2 58  2
  7 154  4 141  4 53  4 171  4 179  3 18  4 145  1 101  3 49  3 39  2 79  4 170  1 45  4 115  4 143  3 158  3 124  1 72  3 188  4 84  2 149  1 73  4 17  4  0  2 50  2
  8 13  3 74  1 94  2 175  1 165  2 187  1 34  4 14  1 192  3 151  3 30  4 92  3 169  4 115  4 195  4 23  4 135  1 127  1 107  3 145  1 109  1 89  4 152  2  3  4 12  4
  9 167  1 22  2 170  2 64  3 148  1 185  2 197  1 171  2 71  1 108  4 79  4 52  4 57  1 15  4 164  3 179  1 16  2 184  2 120  2 193  4 14  3 33  1 172  3 109  4 39  1
 10 80  1 64  1 73  2  4  1 137  1 87  2 44  4 42  3 106  2 128  3 56  1 163  3 144  4 161  4 107  3 10  2 159  1 184  4 66  3 115  3 185  3 91  4 196  1 158  2 155  1
 11 198  4 167  3 83  1 22  3 81  1 21  4 132  4 125  2 17  3 20  3 54  2 19  1 69  2 77  1 23  1 48  1 144  4 120  4 53  3 85  3 87  2 75  4 176  1 67  2 59  3
 12 98  2  0  2 129  1 50  2 167  1 183  3 73  2 179  4 177  4 48  2 36  1 103  3 160  3 178  1 97  1 131  1 63  1 66  3 52  4 156  4 173  3 190  1 37  3 55  3 114  4
 13 191  2 44  4 98  3 164  1 133  3 12  2 29  4 45  1 125  4  9  4 67  3 31  3 62  1 97  1 137  4 41  1 141  4 92  2 76  4 153  2 38  3  0  1 30  2 72  3 172  3
 14 134  3 122  1 33  2 192  4 160  3 30  2 77  2 181  1 191  4 37  1 144  2 186  4 91  3 103  3 86  1 179  4 169  1 178  1  1  3 104  3 40  3 42  3 172  3 102  2 48  4
 15 57  4 199  1 132  3 36  2 164  1 20  3 53  4 91  1 163  2 113  4 162  4 154  2 93  2 15  4 30  3 115  1 32  3 165  4 95  2 68  4 111  2 10  2 61  1 88  1 147  2
 16 24  4 87  2 99  2 50  4 71  2 171  4 134  1 185  1 151  1 12  4 81  1 199  3 172  4  8  2 51  3  5  4  9  4 135  2 62  3 15  2 16  1 164  1 61  3 107  1 167  2
 17 44  2 186  4 150  3  6  3 160  1 42  4 53  1 132  2 45  1 168  2 162  3 116  3 167  1  5  2 13  4 55  3 94  4 166  3 191  1 140  4 196  3 189  1  3  2 111  4 46  4
 18 165  4 155  4 142  3 77  1 132  2 83  3 25  2 89  4 56  3 46  2 10  4 194  1 122  4 131  3 163  1  3  3 104  3 124  1 66  3 21  1 183  1 18  4 84  2 93  3 109  4
 19 117  2 189  1 112  4 62  4 120  4 161  4 139  1 147  2 160  2 121  3 150  2 101  3 127  2 129  1 132  3 49  3  5  2 74  4 154  3 128  2 102  1 71  4 85  3 197  1 97  3
 20 38  2 25  3 154  2 186  2 16  3 195  4 192  4 194  2 36  3 58  3 147  3 31  2 196  4 139  2 29  2 144  2 174  2 62  3 130  1 173  3 19  4 83  1 193  2 95  2 123  1
 21 28  3 168  3 124  4 15  1 12  2 176  3 25  3 179  4 63  2 170  4 159  3 165  2 119  2 42  2 117  3 91  4 47  3 134  2 135  4  1  3 61  4 59  1 16  2 48  1 67  1
 22 144  2 72  1 76  4 61  1 148  2 74  1 146  2 91  4 193  2 137  1 29  3 75  4 44  1 69  4  7  3 142  4 15  3 108  1 68  1 120  3 88  2 70  4 27  2 106  4 131  1
 23 86  1 152  1 111  1 162  3 42  2 19  1 184  2 59  1 44  3 81  4 79  4 66  1 98  4 180  3 114  2 102  4 193  3 165  3 76  3 196  2 110  4 83  4  1  4 72  4 50  1
 24 186  2 43  2 115  1 104  3  3  1 159  2 38  1 183  2 13  3 147  4 177  3 90  3 86  3 77  4 17  3 66  2 92  4 117  4 170  2 163  2 22  3 45  2 16  1  6  1 79  1
 25 31  2 23  4 30  1 197  4 63  3 36  3 139  4 116  4 111  1  4  4 24  2 72  3 159  2 156  4 105  2  6  3 75  2 137  3 168  1 22  2 95  2 97  3 184  2 127  4 157  1
 26  6  1 188  3 66  2 184  1 121  2 173  2 99  1 170  1 146  2 166  3 74  3 25  2 37  4 148  4 76  2 138  3  3  1 65  3 150  4 39  2 178  2 133  2 129  1 192  3 86  3
 27 128  2 24  2 78  3 32  4 109  1 93  2 33  2 143  4 28  4 74  2 59  4 188  2 37  2 17  3 149  2 55  1 123  1  2  1 31  1 178  1 50  4 108  2 152  4 43  2 125  1
 28 188  1 46  4 77  2 21  1 84  1 159  3 105  2 51  2 53  3 108  2 43  3 183  2 139  3 58  4 49  3 107  1 147  1 92  1 99  4 114  3 138  4 47  4 181  3 196  3 80  2
 29 30  1 84  2 96  2 50  2 119  1 19  2 42  1 64  3 113  2 169  1 57  2 90  1 134  2 52  1 172  4 75  2 150  3 36  4 131  4 183  4 38  3 128  4 23  1 62  2 166  1
 30 166  2 39  1 188  3 40  4 138  3 136  3 134  1 143  3 77  3 56  1 45  3 148  4 171  4 29  2 115  3 55  4 197  2 93  2 163  3  0  2 110  2 25  3 118  4 155  3 167  3
 31 103  4 121  3 44  3 43  1 42  3 63  1 38  4 17  3 84  2 60  3 191  2 109  4 122  2 113  2 135  1 24  2 100  2 175  1 172  3 29  1 65  4 36  1  4  3 173  2 52  3
 32 197  2 171  3 115  4 113  3 146  4 118  4 97  1 176  4 127  3 76  1 49  4 28  4  9  1 80  1 144  4 40  2 22  4 38  2 24  2 138  3 186  3 43  2  1  4 26  4 54  1
 33 81  2 114  1 63  3 192  2 185  2 182  3 144  4 130  3 99  2 31  2 143  3 44  2 199  3 76  3 168  3 25  3 166  1 39  3 181  3 119  4 136  4 46  4 187  4 197  4 92  1
 34 137  4 156  4 197  4 23  1 52  4 174  2 75  1 152  2 36  3 21  1 89  2 65  4 121  1 60  2 40  3 45  3  5  3 44  3 37  2 133  3 94  2 184  4 111  4 192  3 86  1
 35 155  4 75  1 103  4 127  1 38  1 12  4 118  4 11  4 171  2 68  1 70  1 112  1 96  2 148  4 13  1 43  1 135  4 52  4 197  4 110  4 16  3 159  2 181  1 62  1 134  4
 36 199  2 153  1 193  1 56  1 156  3 39  3 176  1 106  1 81  1 157  4 123  3 191  3 152  4 125  4 159  4 175  3 22  2 126  3 73  4 38  1 32  3 171  2 122  4 183  3 169  2
 37 71  3 164  3 165  3 48  4 41  1 170  4 61  1 70  3 117  4 85  1 73  4 20  2 68  3 19  3 127  4 53  2 16  3 21  1 119  4 199  4 185  1 38  1 177  4 116  3 31  2
 38 146  4 102  4 17  3 13  1 34  1 135  3 138  1 37  3 108  3 31  2 104  4 50  3 153  2 66  4 97  3 27  4 71  3 163  1 134  2 191  3 39  1 186  4 180  2 165  3 48  2
 39 160  3 14  3 124  2 197  1  8  4 168  3 66  1 89  1 108  1 152  4 170  1 42  4  1  3 163  1 190  1 60  3 24  1 184  1 29  2 18  2 101  2 94  4 116  4 51  1 58  3
 40 187  2 51  2 16  1 96  3 14  1 141  4 133  3 93  1 71  1 120  4 50  3 49  1 130  2 159  3 122  2 94  3 23  2 135  4 13  1 27  3  7  1 125  2 48  1 87  2 164  1
 41 55  3 143  4 75  4 134  3 101  4 39  1 155  3 89  1 166  3 72  4 192  1 165  3 129  2 160  1 185  4 86  4 38  1 193  2 189  2 23  1 196  1  2  1 118  1  3  1 49  3
 42 167  1 162  3 141  1 21  3 181  3 196  2 152  1 92  1 67  1 189  2 52  4 169  2 180  1 25  2 81  1 130  4 133  3 15  3 39  1 142  4 58  4 114  3 107  1 49  4 54  2
 43 155  4 64  2 68  4 12  4 42  2 184  3 24  4 171  2 145  1 187  2 41  1 98  1 195  3 146  2 193  3 59  2 80  3 183  4 54  4 189  2 164  3 95  2 62  4 153  4 142  4
 44 48  3 199  4 152  4  4  1 168  4 79  1 64  1 178  1  3  2 82  2 146  4 106  1 184  2 53  4 143  1 11  3 54  3 108  1 198  4 59  3 128  2  0  1 150  2 160  4 159  4
 45 52  1  8  3 71  3 195  3 73  1 20  4 157  1 89  2 31  1 150  2 136  3 23  2  5  3 94  1 25  4 171  2 167  1 78  2 196  4 135  4 18  1 163  2 174  1 95  4 143  4
 46 24  3 166  2 134  4 49  2 141  3 194  3 192  1 137  2 11  3 43  1 53  2 123  2  0  2 10  1 92  4 147  1 162  1 102  4 14  1 58  4 173  3 62  3 156  2 136  1 149  4
 47 177  3 104  4 103  2  6  2 88  3 130  3 49  1 152  4 80  3 158  3 25  1 47  2 24  4 116  1 57  1 131  4 98  3 46  2  9  2 141  2 36  3 68  3 169  4 117  2 105  2
 48 52  2 187  2 98  4 175  3 157  4 116  1 146  4 147  2 99  4 38  1 188  1 78  1 148  4 66  1 133  4 87  4 186  4 141  2 126  3 33  3 29  3 165  2 77  4 73  4 167  2
 49 159  1 119  3 60  2 35  4 112  2 123  2 64  1 69  4 157  4 47  4 142  1 17  3 124  2 102  3 14  4 59  4 97  1 49  4 170  3 25  3 195  4 78  2 165  3 134  1 93  1
 50 194  2 94  2 127  4 166  1 46  4 64  4 39  4  7  3 32  3 190  2 150  4 192  2 17  1 161  3 108  4 65  2 18  3 124  2 148  4 195  2 199  3 122  4 22  3 145  1 79  2
 51 103  4 73  4  0  2 51  2 34  1 155  2 12  2 61  3 109  1 167  3 124  3 50  3 69  2 126  4  6  1 113  1 161  4 165  3 153  3 28  1 168  1 60  4 149  3 154  1 107  4
 52 78  1 101  1 122  4 27  1 19  2 186  2 134  1 81  3 137  4 175  4 95  1 163  1 136  2 151  3 109  3 59  3 168  2 170  4 179  2 199  1 70  1 31  4 119  3 159  3 29  2
 53 102  2 165  3 151  4 109  4 27  3 48  2 16  4 157  4 41  3 153  2  4  1 154  1 53  1 71  2 108  2 184  1 132  4 76  1 81  4 63  4 11  4 170  2 120  3 55  4  1  2
 54 102  1 144  2 35  4 167  2 115  1 65  2 24  3 162  4 72  3 185  2 82  2 121  3 172  1 133  1 20  1 196  1 190  3 36  1 68  3 43  1 137  4 193  1 108  3 152  3 55  3
 55 168  3 44  3 99  3 65  3 34  4 141  1 72  4 62  1 11  2 170  3 149  2 147  1 14  2 80  1 106  2 75  2 88  4 161  1 136  1 157  1 182  2 142  2 183  3 18  4 67  4
 56 118  4 41  1 38  1 135  3 198  3 87  1 12  3 23  2 48  2 155  1 72  1 90  2 18  1  6  4 102  1 150  1 171  4 83  4 25  4 170  1 158  3 130  4 185  4 39  4 164  4
 57 179  3 56  4 15  1 94  3 83  1 121  3 35  2 141  3 110  4 127  3 132  2 86  3 192  3 195  3 124  2 25  4 24  2 177  3 114  1 79  4 194  2 126  3 128  2 95  3 62  4
 58 186  3 39  1 53  3 89  1 153  2 130  4 173  3 167  2 136  1 66  4 18  1 40  1 46  3 168  2 70  1  6  2 65  3 143  4 11  4 149  3 95  3 92  2 28  3 141  1 152  1
 59 25  2 146  1 28  2 86  1 193  3 91  2 52  4 185  2 94  3 115  2  0  4 175  4 195  2 42  2 81  3 125  2 37  2 27  4 12  2 186  3 174  4 180  2 77  3 114  3 164  3
 60 147  4 186  3 162  4 170  1 62  1 38  2 57  4 95  3 29  1 105  1 185  3 18  1 173  2 190  3 65  4 13  1 168  1 114  3 111  2 140  3 17  3 80  3 45  1 90  4 87  4
 61 114  4  4  3 57  1 64  3 81  4 177  4 53  3 20  4 72  4 11  1 162  2 133  2 150  2 74  4 160  2 157  3 93  1 186  1 68  2 103  1 96  2 49  3  3  2 139  1 102  3
 62 89  1 151  2 80  3 173  2 37  2 86  1 101  3 134  3 23  3 179  3 175  1 98  1  7  3 145  3 165  4 46  2 150  4 67  4 47  1 133  3 107  2 96  2  3  3 45  1 115  3
 63 17  2 115  4 94  2 47  2 175  2 76  3 52  4 163  1  5  2 67  3 91  2 43  1 148  1  2  2 78  3  4  4 114  3 183  3 80  4 27  4 177  4 93  2 187  1 174  3 193  3
 64 105  1 131  1 190  2 147  1 117  4 15  1 57  1 37  3 136  2 14  3 44  1 113  1 114  4  9  2 66  2  8  2 49  4 189  1 55  4 152  2 119  1 184  4 79  3  3  2 128  3
 65 18  1 108  3 128  2 98  4 106  3 20  3 67  4 154  2 159  3 72  1 132  1 63  1 183  2 153  2  5  1 26  2 171  4 88  4 182  3 175  1 162  2 130  2 27  1 140  4 77  2
 66 98  4  8  1 163  3 102  3 44  1 162  4 59  2  4  4 160  4 171  3 82  3 45  4 80  2 147  4 13  2 143  4 199  4 90  3 170  4 133  3 119  1 148  3 174  2 178  3 184  2
 67 32  2 144  3  2  3 115  2 90  2 31  1 180  2 175  3 177  2 153  2 142  3 36  4 20  2 61  2 46  2 188  1 169  3 104  2 100  3  4  4 148  2 85  3 106  3 44  1 67  2
 68 134  1 44  2 123  2 171  2 124  3 190  2 154  4  5  4  2  2 12  3 32  4 162  1 41  4 156  1 86  3 31  4 176  3 185  2 157  3 55  2 88  2 177  3 87  3 91  4 83  1
 69 169  2  1  4 192  4 78  4 22  3 188  2 43  2 89  3 34  3 35  2 155  2 93  2  0  1 88  3 114  3 120  3 106  2  9  3 54  4 197  3 134  2 117  2 176  3 184  4 44  2
 70 78  3 124  4 48  4 191  1 66  4 132  1 110  2 92  4 165  4 112  1 64  4 194  2 57  4 146  4 79  1 97  1 131  2 34  1 147  1 135  3 93  3 28  2 120  4 126  3 167  2
 71 36  2 49  4  2  3 169  4 64  2 85  4 14  4 142  1 53  3 29  2 93  3 34  3 79  1 127  3 26  2 126  1 38  1 118  4 86  2 70  3 76  4 144  1 176  3 15  4 63  1
 72 145  4 187  4 50  3 18  4 100  4 150  2 104  3 89  1 98  2 25  3 88  4 121  2 166  4 68  3 168  1 70  2 162  4 136  1 29  3 120  4 44  2 66  1 61  4 46  2 35  3
 73 49  1 193  3 119  4 86  2 105  3 140  3 17  2 65  1 11  2 50  3 107  4 41  4 183  4 153  3 91  4 53  3 74  3 89  1 191  3 60  3 147  3 16  1 22  1 165  3 51  3
 74 177  4 165  4 163  1 96  4 45  4 21  2 12  3 60  1 140  2 10  4 136  4 109  1 179  1 64  1 42  1 141  2 104  4 86  1 127  3 171  4 113  2 133  2  4  2 41  1 82  3
 75 32  1  5  3 131  2 184  1 25  4 102  1  2  3 63  3 183  2 185  3 196  2 91  1 124  1 195  2 152  1 165  4 179  3 170  1 95  4 110  4 138  3 180  1 65  3 134  1 157  3
 76 83  1 33  3 86  4  4  3 188  2  7  2 168  3 102  2 149  4  2  2 21  1 155  1 184  4 26  2  6  4 113  3 178  2 159  4 75  2 55  2 48  3 74  4 69  2 118  3 98  2
 77 137  3 151  2 66  2 115  4 25  1 160  4 105  2  9  2 61  1 44  4 82  3 120  1  3  4 106  4 96  4 49  3 88  4 64  3 28  1 56  1 11  2 194  4 15  2 38  4 84  2
 78 16  2 67  1 104  1 194  2 180  3 153  3 101  4 159  1 151  1 114  3  4  4 93  2 96  1 120  3 107  1 81  1 77  4 74  3 75  4 29  4 24  2 169  4 33  4 79  2 62  1
 79 145  3 60  1 121  4 115  2 185  1 139  3 39  2 69  1 110  1 24  2 53  4 50  1 111  3 48  2  8  1 62  1 146  4 159  4 119  1 100  2 51  4 57  1 130  4 180  3 30  2
 80  6  3 178  4 133  4 71  1 115  1 16  2 195  2 119  3  5  2 68  2 128  4 153  1 188  3 44  1 88  3 110  4 107  3 140  1 116  3 51  1 15  4 95  4 62  2 121  1 31  3
 81 139  4  6  1 87  4 100  3 114  1 192  2 186  4 76  4 162  2 37  3 112  1 185  4 15  2 133  2  4  4 54  4 68  3 144  2 159  1 26  2 49  3 108  4 188  3 143  3 113  3
 82 173  3 35  2 51  2 161  3 26  2 25  1 15  2 13  1 68  4 171  3 123  3 154  3 141  1 14  4 138  4 100  3 106  2 152  3 37  1 63  3 20  4 60  4 183  3 77  4 83  3
 83 178  4 68  3 129  2 97  2 94  4 80  4 196  1 143  3 29  3 117  2 10  1 95  1 78  3 65  3 173  4 151  1  2  1 41  1 144  3 91  3 133  4 53  1 150  4 75  3 165  2
 84 142  1 175  1 88  2 57  2 194  4 33  1  3  3 122  4 103  4 91  4 196  3 30  1 28  3 185  3 125  4  7  2 156  4 165  3 54  1 130  2 181  4 38  1 138  4 178  3 19  3
 85 97  1 143  1 156  3 112  2 80  1 83  4 79  4 109  2 98  3 34  1 185  3 62  4 57  1 39  2 85  3 125  3 141  3 130  4 29  3 104  2 101  4 19  2 102  4 178  4 169  3
 86 74  4 149  4 164  1 173  4 29  3 49  2 172  3 101  4 37  3 193  1 56  2 158  4 32  2 76  1 17  4 194  2 66  4 79  2 84  2 100  4 88  2 15  4 196  2 189  1 62  1
 87 156  1 105  2 96  3 185  3 46  2 119  2 83  2 136  3 172  2 112  1 82  1 80  1 42  3 182  4 90  4 135  3 43  3  1  2 73  3 30  2 24  3 175  4 29  4 79  4 159  4
 88  5  2 35  4 92  1 65  2 86  2 116  3  6  3 149  2 51  3 135  4 71  2 80  2 113  1 180  3 77  4 143  3 158  4 141  3 119  3 125  3 131  1  2  2 38  4 126  1 199  4
 89 35  3 14  1 150  2 117  1 90  2 29  1 157  2 139  1 44  3 121  1 190  1 46  2 37  2 187  2 71  1 105  1 68  1 156  1 192  1 183  1  0  4 177  3 154  1 127  2 165  4
 90 193  4 136  3 14  4 11  3 57  3 110  1  7  2 102  4 17  3 115  3 12  4 157  1 85  2  2  1 104  4 185  3 24  1 81  1 83  1 183  4 123  1 47  4 153  3 101  2 35  1
 91 84  4 193  1 194  4 23  2 196  1 28  3 98  2 13  3 130  3 149  2 48  3 135  3 127  3 29  3 49  4  2  1 39  4 190  4 113  3  1  4 121  2  9  3 32  4 59  3 166  2
 92 124  1 176  4 88  4 162  1 142  3 96  1 154  1 66  4 19  3 141  3 113  2 16  4 195  2 98  3 76  1 11  1 133  2 46  1 35  1 75  1 172  1 182  4 17  2 156  2 198  3
 93 103  2  6  2 90  4 16  2 159  3 10  1 171  3 111  3 44  4 127  1 110  3 185  1 12  3 21  1 195  4 152  1 84  1 123  2 85  2 23  2 100  3 153  3 147  2 114  1 121  3
 94 61  1 185  4 141  4 27  4 196  1 28  4 49  2 186  4 165  2 182  2  0  4 24  3  5  3 51  4 111  3 173  3 151  1 40  3 146  1 45  2 167  4 175  3 134  4 172  2 16  3
 95 147  3 148  2 35  4 108  3 167  2 69  3 87  2 25  4 171  1  1  4 111  3 104  2 119  4 191  2 120  2 149  2 22  2 42  4 82  4 98  3 67  1 197  2 132  4 93  3 186  1
 96 60  1 80  3 153  1 173  3 154  4 151  2 93  4 23  2 146  1 31  1 166  4 76  2 88  2 161  3  6  1 64  1 193  1 129  4 81  1 99  2 183  2 150  3 72  4 107  2 140  1
 97 117  3 16  1 49  4 73  1 184  3  5  4 63  1 131  1 147  4 76  4 39  3 92  4 25  1 99  1 190  2 137  4 80  2 35  2 65  3 81  3  2  2 32  4 55  2 156  4 78  2
 98 145  4  4  3 66  1 23  4 123  3 98  4 38  2 26  4 168  4 166  2 167  1 122  1 60  1 119  4 147  4 101  2 121  4 180  3 181  1 33  3 188  1 16  3 104  3 182  1 80  4
 99 190  3  5  1 73  1 65  3 152  1 72  4 12  1 141  2 120  3 191  4 51  4 60  1 163  1 155  4 118  4 34  3 85  3 23  3 119  3 178  3 35  3 21  1 171  3 58  3 114  2

Orders
  0   1  50
  1   1 188
  2   1  65
  3   3 158 158  39
  4   3  89  89 111
  5   2  69  19
  6   1 192
  7   2  15  15
  8   1  23
  9   1 146
 10   4   4   4  81  81
 11   2 154 154
 12   1 117
 13   2 141 141
 14   1 143
 15   2  69 184
 16   1  25
 17   1 138
 18   2  27  27
 19   2 111 111
 20   2  63  63
 21   1 125
 22   1  50
 23   1 162
 24   1  13
 25   1  97
 26   1   7
 27   1 134
 28   1 180
 29   1  26
 30   2 162 162
 31   2  20 155
 32   4   8   8 129 129
 33   1   9
 34   1 186
 35   3 183 183 131
 36   3 177 177  14
 37   1 137
 38   2  21 100
 39   2  99 109
 40   1  11
 41   4 152 152 121 121
 42   3 100 100 170
 43   1 171
 44   1 114
 45   1  82
 46   2  67  67
 47   1 131
 48   1 134
 49   1  64
 50   2 161 186
 51   2  39  39
 52   1 157
 53   2  61  61
 54   1  95
 55   1 153
 56   1  46
 57   1  84
 58   1 154
 59   1 122
 60   1  34
 61   3  95  95  76
 62   2  21  21
 63   1 197
 64   3  36  36 130
 65   2 111 142
 66   2  17  17
 67   3  71  71  35
 68   1  47
 69   4 137 137 128 128
 70   1 167
 71   2 145 113
 72   3 166 166  20
 73   1  94
 74   2  52  52
 75   2 197  39
 76   1 170
 77   2 106 106
 78   2 176 171
 79   1 129
 80   1 133
 81   1 145
 82   1 112
 83   1  87
 84   2   4  79
 85   1  50
 86   1 197
 87   1  51
 88   3 147 147 121
 89   1 193
 90   1  27
 91   2 111  27
 92   1  83
 93   2 178 178
 94   1  32
 95   1  17
 96   1 169
 97   1   5
 98   1 196
 99   1 148
