N 200
R 50
O 50

RS 25

Racks
  0 167  1 48  1 93  3 50  4 27  2 103  1 164  3 87  3 124  1 34  4 40  4 92  3 114  1 101  2 145  3 43  1 199  3 132  1 21  1 120  3  9  2 118  1 98  3 143  4 144  1
  1 64  1 109  1 163  3 141  3 196  4 189  4 90  3 50  2 85  4 142  3 166  3  2  1 132  3 11  3 155  1 151  4 177  4 185  3 187  2 56  4 60  1 72  4 120  1 148  2 13  3
  2 182  3 46  1 99  4 173  2 140  3 16  1 82  4 50  4 24  2 21  3 44  4 13  1 126  1 170  3 147  1 191  3 154  2 38  1 157  2 153  1 161  2 150  3 103  3  9  4 11  1
  3 155  2 58  1 105  1 41  3 193  1 53  4 32  4 174  3 172  3 135  3 54  4 23  2 136  3 164  3 21  1 37  1 142  4 115  3 118  2 66  2 97  4 149  1 76  3 185  1 10  4
  4 193  3 164  4 126  1 146  2 144  3 179  2 30  3 185  4 106  1 10  4 172  1 49  3 122  3 22  1 93  1 79  2 104  3 140  1 177  4 192  1 197  1 155  1 196  4 85  2 136  2
  5 99  2 37  2 114  4 146  4 91  4 86  1 163  4 186  1 62  4 84  3 142  3 36  4 83  1 50  1 196  4 18  1 19  1 68  1 134  2 17  1 193  1 42  2 171  3 113  3 22  1
  6 151  1 193  1 133  2 173  3 92  3 118  1  3  2 124  4 91  1 48  1 111  3 13  4 37  4 47  3 132  1 166  3 105  3 192  4 190  1 25  1 145  1 60  1 194  4 67  4 73  2
  7 111  2 192  1 45  1  3  3 54  4 114  3 27  1 82  1 94  3 69  3 141  3 64  3 166  4 138  4 77  2 124  4 62  3 86  4 184  1 79  1 153  3 145  3 151  1 70  2 134  3
  8 133  2 45  1 10  4 184  4 32  1  6  1 76  3 115  1 97  3 151  2 125  2 52  2 42  1 55  4 110  2 77  1 178  4 176  3 65  1 36  4  4  4 126  3 91  1 193  4 90  4
  9 10  3 136  1 25  3 177  4 23  2 120  4 31  4 88  2 191  3  6  2 165  3 99  2 158  1 199  1 176  2 49  3 22  4 47  4 27  3 33  1 180  1 173  4 68  1 59  3 16  2
 10 162  2 174  2 198  2 74  3 137  2 81  4 147  4 189  3 89  2 26  4 25  3 63  3 136  2 23  2 10  4 20  1 138  2 27  2 34  3 151  4 40  3 154  1 22  1 199  4 140  3
 11 175  4 140  2 71  2 21  3 10  3 112  1 159  1 73  1 59  3 80  4 90  2 44  3 128  3 13  1 27  3 50  2 46  4 135  2 173  3  7  1  1  3 70  4 40  2 193  4 160  1
 12 147  4 90  4 145  1 71  4 41  3 186  1  1  4 94  3 111  3 92  4 60  4 36  1 99  3 25  4 129  4 185  1 151  4 51  4 45  2 134  2  2  1 44  4 28  2 187  4 159  3
 13 18  4 197  2 138  3 73  4 199  1  9  2 177  2 162  3 26  2 78  2 102  4 131  4  2  1 125  1 76  4 89  3 19  3 51  3 12  1 24  1 122  1 183  2 67  2 27  3 103  4
 14 36  3 138  3 13  4 21  2 142  2 70  1 108  3  3  2  8  3 155  1 87  1 22  1 78  3 199  3 117  4 48  4  6  4 74  3 182  1 181  1 132  2 89  3 166  2 50  1 197  4
 15 180  3 101  3  6  4 92  3 87  4 86  2 185  1 138  4 56  1 100  4 131  3  4  3 112  3  9  1 13  2 146  1 81  1 23  1  0  2 88  2 132  3 34  3 54  2 107  4 62  1
 16 197  4 195  4 86  1 173  4 108  4 53  1 94  4 118  2 64  3 188  3 49  4 95  1 146  4 77  3  3  1 36  3 141  4 14  2 38  4 96  4 57  4 98  3 120  2 172  3 43  2
 17 117  1 140  4 180  2 14  4 192  2 115  2 31  1 102  2 124  4 178  1 189  2 199  1 129  2 150  3 29  2 112  3 177  4 169  1 65  3 59  3  3  3 63  2 187  2 128  4 86  4
 18 90  1 138  3 45  2 25  3 59  2 128  4 180  1 38  4 70  3 36  4 112  4 79  1 121  4 34  2 140  4 166  3 143  2 150  2 69  2 49  4 127  3 13  3 175  2 60  2 186  2
 19 25  2 43  3 94  4 108  3  5  1 127  1 188  3 184  2 117  1 86  1 199  1 148  3 22  3 102  4 76  3 99  1 124  3 88  2 100  4  9  4 157  2  4  3 143  1 29  4 91  1
 20 98  1 78  1 39  4 189  2 16  2 113  2 99  1 179  1 77  4 27  2 75  2 62  2 56  4 19  4 135  4 38  4 172  3 173  3 41  4 103  2 68  1  0  4 30  1 18  3 90  2
 21 90  2 70  3 104  4 42  2 56  1 120  1 193  4  2  1 177  1 143  3 87  2 164  1 139  1 191  1 196  4 167  3 163  1 170  3 68  4 197  1 29  1 26  3 111  1  0  4 112  2
 22 38  3 36  2 33  4 151  3 139  2 166  2 64  3  3  1 71  1 116  2 197  2 84  2  2  4 195  2 96  2 19  4 46  2 35  3 142  2 136  2 51  3 137  2 31  3 27  4 59  4
 23 16  1 31  1 95  4 107  3 99  2 126  2 133  3 134  4 58  2 52  3 118  1 11  2 176  4 44  3 170  4 149  2 124  3 158  4 48  2 13  4 142  4 34  3 81  1  9  2 80  3
 24 84  2 190  4 157  3 90  3 123  1 129  4 69  1 58  2 126  4 114  4 29  2 174  1 189  1 54  3 175  3 144  2 111  1 122  3 130  2 139  2  8  3 93  2 40  4 16  2 170  4
 25 129  1 97  4 195  2 111  1 118  3 58  1 160  4 152  1 11  2 159  2 48  1 24  4 107  2 26  1 46  1 182  4 108  4 14  3 181  4 23  2 137  2 142  2 78  2 73  4 102  1
 26 67  2 172  4  2  1 174  4 105  2 195  2 95  2 152  2 62  3 197  4 59  4 27  2 10  1 169  1 69  3 18  2 180  3 11  2 41  4 122  3 161  4  8  1 22  3 64  1 108  4
 27 193  4 11  1 96  2 65  1 29  3 10  4  7  3 137  2 168  2 74  2 197  4 150  3 72  1 86  3 198  1 83  4 66  3 114  4 27  1 115  1 174  4 143  1 78  3 51  4 94  1
 28 125  1 157  3 132  2 119  4 186  2 91  1 149  1 140  2 78  4 86  2  1  3 85  3 58  3 192  3 148  2 68  1 136  1 60  2 127  1 30  1 35  3 34  3 130  2 195  4 110  2
 29 179  4 124  1 115  3 17  2 55  2 86  4 192  3 30  2  5  4 73  3 105  3 162  3 101  3 164  4 79  3  0  2 169  2 111  3 157  3 185  2 23  1 96  3 40  4 144  2  9  4
 30 106  4 186  2 182  3 59  3 30  2 191  4 121  1 63  3 170  2 101  3 15  3 127  4 72  2 53  3 137  1 142  1 188  2 184  2  2  4 73  1 117  4 56  2 164  4  9  4 97  3
 31 56  4 107  2 32  4 33  3 193  1 172  1 89  1 70  1 182  4 177  4 118  4 130  2 152  4 184  4 30  2 86  2 162  2  2  2 132  3 171  1 74  1 145  3 96  1  3  3 161  1
 32 41  2  0  1 163  3 25  3 58  3 50  3 166  4 172  4 39  3 86  4 89  3 17  1 173  3 111  2 147  2 53  3 64  1 84  1 117  4 109  3  5  3 110  4 161  1 130  2 29  4
 33 156  2 88  4 32  1 131  1 185  1 134  1 64  1 193  3 34  4 192  4 142  3 166  1 161  3 49  3 194  1 188  3 82  2 102  3 15  3 117  2 23  4 60  2 100  2 72  4 59  1
 34  8  4 28  4 93  4  0  4 15  3 179  2 73  2 91  3 56  3 81  4 190  3 33  2 11  1 180  2 161  2 97  1 29  1 123  3 110  1 38  3 163  1 168  3 24  3 132  1  9  3
 35 108  3 78  2 183  3 65  1 121  4 76  3 45  3 142  3  8  2 27  2 12  1 90  3 186  1 69  1 36  3 172  2 34  1 59  4 103  1 169  3 58  2 153  2 51  4 187  3  3  3
 36 148  4 87  3 49  1 29  2 127  2 143  1 62  1 28  4 46  3 44  1 162  2 133  3 158  2 129  2 180  4 177  4 139  2 67  2 171  2 161  4 194  3 51  2 191  3 163  1 80  4
 37 172  2 41  2 169  2 165  3  0  4 184  3 192  1 132  2 198  2 69  3 66  4 178  4 58  4 156  3  1  3 110  4 124  4 188  3 167  3 119  2 49  1 89  4 81  2 129  2 47  1
 38 196  4 150  1 114  3 138  2 190  2 123  2 87  4 160  1 81  4 119  3 169  3 50  4 106  3 130  4 125  3 70  3 179  1 166  4 10  4 191  1 58  3 28  4  4  2 129  4 154  2
 39 187  2 154  1 155  2 10  3 78  3 24  4  5  3 54  2 65  1 170  1 32  3 141  3 46  1 51  3 178  3 139  4 177  2 45  2  1  3 94  3 25  1 173  2 103  1  7  2 147  4
 40 26  4 167  1 169  3 84  3 50  3 82  1 170  1 56  2 117  3 178  2 12  2 48  3 198  1 150  1 43  2 194  1 74  1 157  2 125  1 112  2 102  4 122  1 141  4 115  4 149  3
 41 135  4 86  4 28  4 112  3 172  4 163  2 35  4 55  3 97  3 42  2 164  3 154  1 52  4 30  4 65  3 29  2 161  3 68  2 174  4 131  3 190  2 175  3 56  1 167  3 117  2
 42 75  2 174  1 184  2 118  1 58  1 67  2 171  2 56  3 169  1 61  1 108  2 73  3 51  1 168  4 152  3 55  2 49  1 128  4 46  1  2  1 28  4 140  1 47  4 26  2 163  2
 43 116  1 170  2 150  1 57  4 13  4 58  2 14  2 71  4 105  1 157  4 100  3 56  4 22  3 10  4 95  4 53  1 49  4 17  4 161  4  9  2 145  4 146  2 66  2 83  2 69  4
 44 183  2 22  3 118  3 158  3 43  1 145  1 54  1 64  1 116  4 112  4 146  1 46  3 97  3 113  2 164  4 61  1 157  2 162  2  6  1 197  1 18  2 14  1 23  3 27  1 87  4
 45 58  1 156  2 160  4 157  2 196  2 177  4 62  4 39  4 97  4 148  1 57  3 11  2  5  4 199  4 187  1 33  4 87  4 38  4 139  1 150  4 130  2 136  3 94  1 69  2  0  1
 46  9  2 27  2 56  4 130  3 90  1 97  1 80  2 196  1 94  1 152  2 110  3 65  3 64  3 109  3 114  2 113  3 177  1 35  2 124  2 194  1 129  4 48  4 170  4 55  1 198  2
 47 182  3 104  4 54  2 44  2 76  1 55  4 181  1 101  2 187  1  1  1 163  2 93  1 137  4 90  2 176  1 43  1 61  3 115  2 98  4 144  1 42  2 96  2 75  4 40  3 164  3
 48 144  1 39  2 147  3 65  2 10  4 22  1 165  4 82  1 96  4 159  4 188  1 128  1 199  3 163  3 181  1 20  3 91  2 173  4 122  2 124  3 192  3 67  3 174  1 102  2 77  2
 49 99  1  6  2 20  2 39  4 140  1 160  4 121  1 108  3 43  3 112  1 171  3 193  3 53  3 56  3 79  4 12  1 26  1 28  3 119  4 44  4 100  2 81  1 131  1 168  2 93  1

Orders
  0   1  22
  1   2 131  27
  2   2  88 137
  3   4  30  30   1   1
  4   2 120 120
  5   4  22  22  98  98
  6   1  26
  7   1  74
  8   4   8   8  46  46
  9   1 170
 10   1  52
 11   1  41
 12   1  44
 13   3  28  28  82
 14   1  76
 15   1 180
 16   2   4   4
 17   1  26
 18   3 164 164 136
 19   2  51  51
 20   2  65  65
 21   1   0
 22   3  42  42 115
 23   1  92
 24   1 102
 25   2 151  75
 26   1  35
 27   1  16
 28   1  38
 29   2 120 120
 30   1  80
 31   3  74  74 132
 32   1 194
 33   1  61
 34   1 191
 35   1  14
 36   1  51
 37   1  80
 38   2  74 100
 39   2  99  54
 40   1  74
 41   1 143
 42   3 145 145 120
 43   3 120 120 158
 44   1  34
 45   1  30
 46   2 107 107
 47   1 126
 48   1 150
 49   1  26
